0
0.00783014
0.0156241
0.023346
0.0309602
0.0384317
0.0457261
0.05281
0.059651
0.0662181
0.0724814
0.0784128
0.0839857
0.0891755
0.0939594
0.0983166
0.102229
0.105679
0.108655
0.111143
0.113135
0.114625
0.115608
0.116083
0.116051
0.115515
0.114483
0.112963
0.110965
0.108504
0.105596
0.102259
0.0985124
0.09438
0.0898859
0.0850562
0.079919
0.0745037
0.0688414
0.0629641
0.0569052
0.0506987
0.0443797
0.0379837
0.0315463
0.0251038
0.0186922
0.0123474
0.00610499
5.41715e-09
-0.00593322
-0.0116612
-0.0171516
-0.0223732
-0.0272961
-0.0318922
-0.0361346
-0.0399987
-0.0434616
-0.0465023
-0.0491022
-0.0512449
-0.0529162
-0.0541044
-0.0548003
-0.054997
-0.0546905
-0.053879
-0.0525635
-0.0507475
-0.048437
-0.0456407
-0.0423695
-0.038637
-0.0344589
-0.0298534
-0.0248407
-0.0194432
-0.0136852
-0.00759285
-0.00119407
0.00548172
0.0124037
0.0195397
0.0268565
0.0343199
0.0418952
0.0495466
0.0572385
0.0649346
0.0725988
0.080195
0.0876878
0.0950417
0.102222
0.109196
0.115931
0.122395
0.128558
0.134391
0.139868
0.144965
0.149656
0.153923
0.157744
0.161105
0.163989
0.166387
0.168286
0.169682
0.170569
0.170945
0.170811
0.170169
0.169027
0.167392
0.165274
0.162688
0.159648
0.156172
0.152281
0.147996
0.143341
0.138343
0.133029
0.127428
0.121572
0.115491
0.109219
0.10279
0.0962393
0.0896016
0.0829129
0.0762092
0.0695267
0.0629014
0.0563688
0.0499643
0.0437222
0.0376762
0.0318591
0.0263022
0.0210356
0.0160881
0.0114865
0.00725608
0.00342016
8.64722e-09
-0.00298523
-0.00551864
-0.00758561
-0.00917392
-0.0102738
-0.010878
-0.0109817
-0.0105829
-0.00968187
-0.00828162
-0.00638767
-0.00400809
-0.00115341
0.00216339
0.00592697
0.0101197
0.0147217
0.0197112
0.0250641
0.0307546
0.0367554
0.0430371
0.0495693
0.0563201
0.0632565
0.0703446
0.0775495
0.0848359
0.0921681
0.0995098
0.106825
0.114078
0.121232
0.128253
0.135106
0.141757
0.148173
0.154323
0.160176
0.165704
0.170879
0.175676
0.180072
0.184044
0.187574
0.190645
0.193241
0.19535
0.196962
0.198069
0.198667
0.198753
0.198327
0.197391
0.195952
0.194017
0.191595
0.188701
0.185348
0.181555
0.177341
0.172727
0.167738
0.162398
0.156736
0.15078
0.14456
0.138109
0.131459
0.124645
0.1177
0.11066
0.103561
0.0964383
0.089329
0.0822687
0.0752932
0.0684378
0.0617372
0.0552253
0.0489348
0.0428976
0.037144
0.0317031
0.0266022
0.0218668
0.0175207
0.0135856
0.0100811
0.0070246
0.0044312
0.00231361
0.000682128
-0.000455457
-0.00109388
-0.00123044
-0.000865005
-5.00524e-09
0.00135956
0.00320616
0.00552977
0.00831792
0.0115558
0.0152261
0.0193096
0.0237848
0.0286281
0.0338141
0.0393158
0.0451042
0.0511491
0.0574189
0.0638809
0.0705013
0.0772455
0.0840782
0.0909639
0.0978663
0.104749
0.111577
0.118314
0.124924
0.131374
0.137628
0.143653
0.149419
0.154895
0.160051
0.16486
0.169296
0.173335
0.176956
0.180138
0.182864
0.185119
0.186889
0.188165
0.188938
0.189203
0.188956
0.188198
0.18693
0.185158
0.182888
0.180131
0.176898
0.173205
0.169068
0.164507
0.159542
0.154198
0.148498
0.142472
0.136146
0.129552
0.12272
0.115684
0.108477
0.101133
0.0936885
0.0861784
0.078639
0.0711062
0.0636163
0.0562051
0.0489081
0.0417599
0.0347948
0.0280458
0.021545
0.015323
0.00940905
0.00383098
-0.0013853
-0.00621565
-0.0106379
-0.0146321
-0.0181803
-0.0212669
-0.0238787
-0.0260049
-0.0276372
-0.0287698
-0.0293995
-0.0295256
-0.0291499
-0.028277
-0.0269139
-0.0250701
-0.0227575
-0.0199906
-0.0167859
-0.0131624
-0.00914125
-0.00474544
-3.09127e-08
0.00506819
0.0104308
0.0160577
0.0219177
0.0279782
0.0342057
0.0405658
0.0470233
0.0535426
0.0600879
0.0666229
0.0731117
0.0795183
0.0858075
0.0919443
0.0978945
0.103625
0.109104
0.114301
0.119185
0.12373
0.127909
0.131698
0.135075
0.138019
0.140513
0.14254
0.144088
0.145145
0.145702
0.145754
0.145298
0.144332
0.142858
0.140881
0.138407
0.135446
0.132009
0.12811
0.123766
0.118997
0.113822
0.108264
0.10235
0.0961041
0.0895563
0.0827359
0.0756744
0.0684041
0.0609585
0.0533722
0.0456801
0.0379179
0.0301216
0.0223274
0.0145713
0.00688941
-0.000682878
-0.00811053
-0.0153593
-0.0223959
-0.029188
-0.0357047
-0.0419163
-0.0477948
-0.053314
-0.0584492
-0.0631779
-0.0674796
-0.0713359
-0.074731
-0.0776509
-0.0800844
-0.0820228
-0.0834596
-0.0843911
-0.0848162
-0.0847361
-0.0841549
-0.0830791
-0.0815176
-0.0794819
-0.0769859
-0.0740458
-0.0706801
-0.0669095
-0.0627565
-0.0582459
-0.0534041
-0.0482592
-0.0428409
-0.0371802
-0.0313095
-0.025262
-0.0190721
-0.0127748
-0.00640545
-5.18833e-08
0.00640534
0.0127747
0.019072
0.0252619
0.0313094
0.0371801
0.0428408
0.0482591
0.053404
0.0582458
0.0627564
0.0669094
0.0706801
0.0740458
0.0769859
0.0794819
0.0815176
0.0830791
0.0841549
0.0847361
0.0848162
0.0843911
0.0834596
0.0820228
0.0800845
0.0776509
0.074731
0.071336
0.0674796
0.0631779
0.0584492
0.0533141
0.0477949
0.0419164
0.0357048
0.0291881
0.022396
0.0153594
0.00811065
0.000683
-0.00688928
-0.0145712
-0.0223273
-0.0301215
-0.0379178
-0.04568
-0.053372
-0.0609584
-0.068404
-0.0756743
-0.0827358
-0.0895562
-0.096104
-0.102349
-0.108264
-0.113822
-0.118997
-0.123766
-0.12811
-0.132008
-0.135446
-0.138407
-0.140881
-0.142858
-0.144332
-0.145298
-0.145754
-0.145702
-0.145145
-0.144088
-0.14254
-0.140513
-0.138019
-0.135075
-0.131698
-0.127909
-0.12373
-0.119185
-0.114301
-0.109104
-0.103625
-0.0978946
-0.0919443
-0.0858076
-0.0795184
-0.0731118
-0.066623
-0.060088
-0.0535427
-0.0470234
-0.0405659
-0.0342058
-0.0279783
-0.0219178
-0.0160578
-0.0104308
-0.00506827
-4.85771e-08
0.00474537
0.00914118
0.0131624
0.0167858
0.0199905
0.0227575
0.0250701
0.0269139
0.028277
0.0291499
0.0295256
0.0293995
0.0287699
0.0276373
0.026005
0.0238787
0.0212669
0.0181803
0.0146322
0.010638
0.00621573
0.00138538
-0.00383089
-0.00940896
-0.0153229
-0.0215449
-0.0280457
-0.0347947
-0.0417598
-0.0489079
-0.056205
-0.0636162
-0.0711061
-0.0786388
-0.0861783
-0.0936884
-0.101133
-0.108477
-0.115684
-0.12272
-0.129552
-0.136146
-0.142472
-0.148498
-0.154198
-0.159542
-0.164507
-0.169068
-0.173205
-0.176898
-0.180131
-0.182888
-0.185158
-0.18693
-0.188198
-0.188956
-0.189203
-0.188938
-0.188165
-0.186889
-0.185119
-0.182864
-0.180138
-0.176956
-0.173335
-0.169296
-0.16486
-0.160051
-0.154895
-0.149419
-0.143653
-0.137628
-0.131374
-0.124925
-0.118314
-0.111577
-0.10475
-0.0978664
-0.090964
-0.0840784
-0.0772456
-0.0705014
-0.063881
-0.057419
-0.0511492
-0.0451043
-0.0393158
-0.0338142
-0.0286282
-0.0237849
-0.0193097
-0.0152262
-0.0115558
-0.00831797
-0.00552981
-0.0032062
-0.00135959
-1.30137e-08
0.000864995
0.00123044
0.00109389
0.000455472
-0.000682106
-0.00231358
-0.00443116
-0.00702456
-0.010081
-0.0135855
-0.0175206
-0.0218667
-0.0266021
-0.031703
-0.037144
-0.0428975
-0.0489347
-0.0552251
-0.0617371
-0.0684377
-0.0752931
-0.0822686
-0.0893288
-0.0964381
-0.10356
-0.11066
-0.1177
-0.124645
-0.131459
-0.138109
-0.14456
-0.15078
-0.156736
-0.162398
-0.167738
-0.172727
-0.177341
-0.181555
-0.185348
-0.188701
-0.191595
-0.194017
-0.195952
-0.197391
-0.198327
-0.198753
-0.198667
-0.198069
-0.196962
-0.19535
-0.193241
-0.190645
-0.187574
-0.184044
-0.180072
-0.175676
-0.170879
-0.165704
-0.160176
-0.154323
-0.148173
-0.141757
-0.135106
-0.128253
-0.121232
-0.114078
-0.106825
-0.0995099
-0.0921682
-0.084836
-0.0775496
-0.0703447
-0.0632566
-0.0563202
-0.0495694
-0.0430372
-0.0367555
-0.0307547
-0.0250642
-0.0197113
-0.0147218
-0.0101198
-0.00592704
-0.00216345
0.00115336
0.00400804
0.00638764
0.00828159
0.00968185
0.0105829
0.0109817
0.010878
0.0102738
0.00917394
0.00758564
0.00551868
0.00298528
4.3236e-08
-0.00342011
-0.00725602
-0.0114864
-0.016088
-0.0210355
-0.0263021
-0.031859
-0.0376761
-0.0437221
-0.0499642
-0.0563687
-0.0629013
-0.0695266
-0.0762091
-0.0829128
-0.0896015
-0.0962392
-0.10279
-0.109219
-0.115491
-0.121571
-0.127428
-0.133029
-0.138343
-0.143341
-0.147995
-0.15228
-0.156172
-0.159648
-0.162688
-0.165274
-0.167392
-0.169027
-0.170169
-0.170811
-0.170945
-0.170569
-0.169682
-0.168286
-0.166387
-0.163989
-0.161105
-0.157744
-0.153923
-0.149656
-0.144965
-0.139869
-0.134391
-0.128558
-0.122395
-0.115931
-0.109196
-0.102223
-0.0950418
-0.0876879
-0.0801952
-0.0725989
-0.0649347
-0.0572386
-0.0495468
-0.0418953
-0.0343201
-0.0268566
-0.0195398
-0.0124038
-0.00548184
0.00119397
0.00759275
0.0136851
0.0194431
0.0248406
0.0298533
0.0344588
0.0386369
0.0423695
0.0456406
0.048437
0.0507475
0.0525635
0.053879
0.0546905
0.054997
0.0548003
0.0541044
0.0529162
0.051245
0.0491023
0.0465024
0.0434616
0.0399988
0.0361347
0.0318922
0.0272962
0.0223733
0.0171517
0.0116613
0.00593331
9.20915e-08
-0.00610489
-0.0123473
-0.0186921
-0.0251037
-0.0315462
-0.0379836
-0.0443796
-0.0506986
-0.0569051
-0.062964
-0.0688413
-0.0745036
-0.0799189
-0.0850561
-0.0898858
-0.09438
-0.0985124
-0.102259
-0.105596
-0.108504
-0.110965
-0.112963
-0.114483
-0.115515
-0.116051
-0.116083
-0.115608
-0.114625
-0.113135
-0.111143
-0.108655
-0.105679
-0.102229
-0.0983167
-0.0939595
-0.0891756
-0.0839858
-0.0784129
-0.0724815
-0.0662182
-0.0596511
-0.0528101
-0.0457262
-0.0384318
-0.0309604
-0.0233462
-0.0156243
-0.00783027
-1.26826e-07
0.00783002
0.015624
0.0233459
0.0309601
0.0384316
0.045726
0.0528099
0.0596509
0.066218
0.0724813
0.0784127
0.0839856
0.0891754
0.0939593
0.0983166
0.102229
0.105679
0.108654
0.111143
0.113135
0.114625
0.115608
0.116083
0.116051
0.115515
0.114483
0.112963
0.110965
0.108504
0.105596
0.102259
0.0985125
0.0943801
0.0898859
0.0850563
0.079919
0.0745038
0.0688414
0.0629642
0.0569053
0.0506988
0.0443799
0.0379838
0.0315464
0.0251039
0.0186923
0.0123475
0.00610509
1.02926e-07
-0.00593312
-0.0116611
-0.0171515
-0.0223731
-0.0272961
-0.0318921
-0.0361346
-0.0399987
-0.0434615
-0.0465023
-0.0491022
-0.0512449
-0.0529162
-0.0541044
-0.0548003
-0.054997
-0.0546905
-0.053879
-0.0525635
-0.0507475
-0.0484371
-0.0456407
-0.0423696
-0.038637
-0.034459
-0.0298534
-0.0248408
-0.0194433
-0.0136853
-0.00759295
-0.00119418
0.00548161
0.0124036
0.0195396
0.0268564
0.0343198
0.041895
0.0495465
0.0572384
0.0649344
0.0725986
0.0801949
0.0876876
0.0950416
0.102222
0.109196
0.115931
0.122395
0.128557
0.134391
0.139868
0.144965
0.149656
0.153922
0.157744
0.161105
0.163989
0.166387
0.168286
0.169682
0.170569
0.170945
0.170811
0.170169
0.169027
0.167392
0.165274
0.162688
0.159648
0.156172
0.152281
0.147996
0.143341
0.138343
0.133029
0.127428
0.121572
0.115491
0.109219
0.10279
0.0962394
0.0896017
0.082913
0.0762093
0.0695268
0.0629015
0.0563689
0.0499644
0.0437223
0.0376763
0.0318592
0.0263023
