0
0.00783014
0.0156241
0.023346
0.0309602
0.0384317
0.0457261
0.05281
0.059651
0.0662181
0.0724814
0.0784128
0.0839857
0.0891755
0.0939594
0.0983166
0.102229
0.105679
0.108655
0.111143
0.113135
0.114625
0.115608
0.116083
0.116051
0.115515
0.114483
0.112963
0.110965
0.108504
0.105596
0.102259
0.0985124
0.09438
0.0898859
0.0850562
0.079919
0.0745037
0.0688414
0.0629641
0.0569052
0.0506987
0.0443797
0.0379837
0.0315463
0.0251038
0.0186922
0.0123474
0.00610499
5.41715e-09
-0.00593322
-0.0116612
-0.0171516
-0.0223732
-0.0272961
-0.0318922
-0.0361346
-0.0399987
-0.0434616
-0.0465023
-0.0491022
-0.0512449
-0.0529162
-0.0541044
-0.0548003
-0.054997
-0.0546905
-0.053879
-0.0525635
-0.0507475
-0.048437
-0.0456407
-0.0423695
-0.038637
-0.0344589
-0.0298534
-0.0248407
-0.0194432
-0.0136852
-0.00759285
-0.00119407
0.00548172
0.0124037
0.0195397
0.0268565
0.0343199
0.0418952
0.0495466
0.0572385
0.0649346
0.0725988
0.080195
0.0876878
0.0950417
0.102222
0.109196
0.115931
0.122395
0.128558
0.134391
0.139868
0.144965
0.149656
0.153923
0.157744
0.161105
0.163989
0.166387
0.168286
0.169682
0.170569
0.170945
0.170811
0.170169
0.169027
0.167392
0.165274
0.162688
0.159648
0.156172
0.152281
0.147996
0.143341
0.138343
0.133029
0.127428
0.121572
0.115491
