0
0.00783014
0.0156241
0.023346
0.0309602
0.0384317
0.0457261
0.05281
0.059651
0.0662181
0.0724814
0.0784128
0.0839857
0.0891755
0.0939594
0.0983166
0.102229
0.105679
0.108655
0.111143
0.113135
0.114625
0.115608
0.116083
0.116051
0.115515
0.114483
0.112963
0.110965
0.108504
0.105596
0.102259
0.0985124
0.09438
0.0898859
0.0850562
0.079919
0.0745037
0.0688414
0.0629641
0.0569052
0.0506987
0.0443797
0.0379837
0.0315463
0.0251038
0.0186922
0.0123474
0.00610499
5.41715e-09
-0.00593322
-0.0116612
-0.0171516
-0.0223732
-0.0272961
-0.0318922
-0.0361346
-0.0399987
-0.0434616
-0.0465023
-0.0491022
-0.0512449
-0.0529162
-0.0541044
-0.0548003
-0.054997
-0.0546905
-0.053879
-0.0525635
-0.0507475
-0.048437
-0.0456407
-0.0423695
-0.038637
-0.0344589
-0.0298534
-0.0248407
-0.0194432
-0.0136852
-0.00759285
-0.00119407
0.00548172
0.0124037
0.0195397
0.0268565
0.0343199
0.0418952
0.0495466
0.0572385
0.0649346
0.0725988
0.080195
0.0876878
0.0950417
0.102222
0.109196
0.115931
0.122395
0.128558
0.134391
0.139868
0.144965
0.149656
0.153923
0.157744
0.161105
0.163989
0.166387
0.168286
0.169682
0.170569
0.170945
0.170811
0.170169
0.169027
0.167392
0.165274
0.162688
0.159648
0.156172
0.152281
0.147996
0.143341
0.138343
0.133029
0.127428
0.121572
0.115491
0.109219
0.10279
0.0962393
0.0896016
0.0829129
0.0762092
0.0695267
0.0629014
0.0563688
0.0499643
0.0437222
0.0376762
0.0318591
0.0263022
0.0210356
0.0160881
0.0114865
0.00725608
0.00342016
8.64722e-09
-0.00298523
-0.00551864
-0.00758561
-0.00917392
-0.0102738
-0.010878
-0.0109817
-0.0105829
-0.00968187
-0.00828162
-0.00638767
-0.00400809
-0.00115341
0.00216339
0.00592697
0.0101197
0.0147217
0.0197112
0.0250641
0.0307546
0.0367554
0.0430371
0.0495693
0.0563201
0.0632565
0.0703446
0.0775495
0.0848359
0.0921681
0.0995098
0.106825
0.114078
0.121232
0.128253
0.135106
0.141757
0.148173
0.154323
0.160176
0.165704
0.170879
0.175676
0.180072
0.184044
0.187574
0.190645
0.193241
0.19535
0.196962
0.198069
0.198667
0.198753
0.198327
0.197391
0.195952
0.194017
0.191595
0.188701
0.185348
0.181555
0.177341
0.172727
0.167738
0.162398
0.156736
0.15078
0.14456
0.138109
0.131459
0.124645
0.1177
0.11066
0.103561
0.0964383
0.089329
0.0822687
0.0752932
0.0684378
0.0617372
0.0552253
0.0489348
0.0428976
0.037144
0.0317031
0.0266022
0.0218668
0.0175207
0.0135856
0.0100811
0.0070246
0.0044312
0.00231361
0.000682128
-0.000455457
-0.00109388
-0.00123044
-0.000865005
-5.00524e-09
0.00135956
0.00320616
0.00552977
0.00831792
0.0115558
0.0152261
0.0193096
0.0237848
0.0286281
0.0338141
