0
0.00783014
0.0156241
0.023346
0.0309602
0.0384317
0.0457261
0.05281
0.059651
0.0662181
0.0724814
0.0784128
0.0839857
0.0891755
0.0939594
0.0983166
0.102229
0.105679
0.108655
0.111143
0.113135
0.114625
0.115608
0.116083
0.116051
0.115515
0.114483
0.112963
0.110965
0.108504
0.105596
0.102259
0.0985124
0.09438
0.0898859
0.0850562
0.079919
0.0745037
0.0688414
0.0629641
0.0569052
0.0506987
0.0443797
0.0379837
0.0315463
0.0251038
0.0186922
0.0123474
0.00610499
5.41715e-09
-0.00593322
-0.0116612
-0.0171516
-0.0223732
-0.0272961
-0.0318922
-0.0361346
-0.0399987
-0.0434616
-0.0465023
-0.0491022
-0.0512449
-0.0529162
-0.0541044
-0.0548003
-0.054997
-0.0546905
-0.053879
-0.0525635
-0.0507475
-0.048437
-0.0456407
-0.0423695
-0.038637
-0.0344589
-0.0298534
-0.0248407
-0.0194432
-0.0136852
-0.00759285
-0.00119407
0.00548172
0.0124037
0.0195397
0.0268565
0.0343199
0.0418952
0.0495466
0.0572385
0.0649346
0.0725988
0.080195
0.0876878
0.0950417
0.102222
0.109196
0.115931
0.122395
0.128558
0.134391
0.139868
0.144965
0.149656
0.153923
0.157744
0.161105
0.163989
0.166387
0.168286
0.169682
0.170569
0.170945
0.170811
0.170169
0.169027
0.167392
0.165274
0.162688
0.159648
0.156172
0.152281
0.147996
0.143341
0.138343
0.133029
0.127428
0.121572
0.115491
0.109219
0.10279
0.0962393
0.0896016
0.0829129
0.0762092
0.0695267
0.0629014
0.0563688
0.0499643
0.0437222
0.0376762
0.0318591
0.0263022
0.0210356
0.0160881
0.0114865
0.00725608
0.00342016
8.64722e-09
-0.00298523
-0.00551864
-0.00758561
-0.00917392
-0.0102738
-0.010878
-0.0109817
-0.0105829
-0.00968187
-0.00828162
-0.00638767
-0.00400809
-0.00115341
0.00216339
0.00592697
0.0101197
0.0147217
0.0197112
0.0250641
0.0307546
0.0367554
0.0430371
0.0495693
0.0563201
0.0632565
0.0703446
0.0775495
0.0848359
0.0921681
0.0995098
0.106825
0.114078
0.121232
0.128253
0.135106
0.141757
0.148173
0.154323
0.160176
0.165704
0.170879
0.175676
0.180072
0.184044
0.187574
0.190645
0.193241
0.19535
0.196962
0.198069
0.198667
0.198753
0.198327
0.197391
0.195952
0.194017
0.191595
0.188701
0.185348
0.181555
0.177341
0.172727
0.167738
0.162398
0.156736
0.15078
0.14456
0.138109
0.131459
0.124645
0.1177
0.11066
0.103561
0.0964383
0.089329
0.0822687
0.0752932
0.0684378
0.0617372
0.0552253
0.0489348
0.0428976
0.037144
0.0317031
0.0266022
0.0218668
0.0175207
0.0135856
0.0100811
0.0070246
0.0044312
0.00231361
0.000682128
-0.000455457
-0.00109388
-0.00123044
-0.000865005
-5.00524e-09
0.00135956
0.00320616
0.00552977
0.00831792
0.0115558
0.0152261
0.0193096
0.0237848
0.0286281
0.0338141
0.0393158
0.0451042
0.0511491
0.0574189
0.0638809
0.0705013
0.0772455
0.0840782
0.0909639
0.0978663
0.104749
0.111577
0.118314
0.124924
0.131374
0.137628
0.143653
0.149419
0.154895
0.160051
0.16486
0.169296
0.173335
0.176956
0.180138
0.182864
0.185119
0.186889
0.188165
0.188938
0.189203
0.188956
0.188198
0.18693
0.185158
0.182888
0.180131
0.176898
0.173205
0.169068
0.164507
0.159542
0.154198
0.148498
0.142472
0.136146
0.129552
0.12272
0.115684
0.108477
0.101133
0.0936885
0.0861784
0.078639
0.0711062
0.0636163
0.0562051
0.0489081
0.0417599
0.0347948
0.0280458
0.021545
0.015323
0.00940905
0.00383098
-0.0013853
-0.00621565
-0.0106379
-0.0146321
-0.0181803
-0.0212669
-0.0238787
-0.0260049
-0.0276372
-0.0287698
-0.0293995
-0.0295256
-0.0291499
-0.028277
-0.0269139
-0.0250701
-0.0227575
-0.0199906
-0.0167859
-0.0131624
-0.00914125
-0.00474544
-3.09127e-08
0.00506819
0.0104308
0.0160577
0.0219177
0.0279782
0.0342057
0.0405658
0.0470233
0.0535426
0.0600879
0.0666229
0.0731117
0.0795183
0.0858075
0.0919443
0.0978945
0.103625
0.109104
0.114301
0.119185
0.12373
0.127909
0.131698
0.135075
0.138019
0.140513
0.14254
0.144088
0.145145
0.145702
0.145754
0.145298
0.144332
0.142858
0.140881
0.138407
0.135446
0.132009
0.12811
0.123766
0.118997
0.113822
0.108264
0.10235
0.0961041
0.0895563
0.0827359
0.0756744
0.0684041
0.0609585
0.0533722
0.0456801
0.0379179
0.0301216
0.0223274
0.0145713
0.00688941
-0.000682878
-0.00811053
-0.0153593
-0.0223959
-0.029188
-0.0357047
-0.0419163
-0.0477948
-0.053314
-0.0584492
-0.0631779
-0.0674796
-0.0713359
-0.074731
-0.0776509
-0.0800844
-0.0820228
-0.0834596
-0.0843911
-0.0848162
-0.0847361
-0.0841549
-0.0830791
-0.0815176
-0.0794819
-0.0769859
-0.0740458
-0.0706801
-0.0669095
-0.0627565
-0.0582459
-0.0534041
-0.0482592
-0.0428409
-0.0371802
-0.0313095
-0.025262
-0.0190721
-0.0127748
-0.00640545
-5.18833e-08
0.00640534
0.0127747
0.019072
0.0252619
0.0313094
0.0371801
0.0428408
0.0482591
0.053404
0.0582458
0.0627564
0.0669094
0.0706801
0.0740458
0.0769859
0.0794819
0.0815176
0.0830791
0.0841549
0.0847361
0.0848162
0.0843911
0.0834596
0.0820228
0.0800845
0.0776509
0.074731
0.071336
0.0674796
0.0631779
0.0584492
0.0533141
0.0477949
0.0419164
0.0357048
0.0291881
0.022396
0.0153594
0.00811065
0.000683
-0.00688928
-0.0145712
-0.0223273
-0.0301215
-0.0379178
-0.04568
-0.053372
-0.0609584
-0.068404
-0.0756743
-0.0827358
-0.0895562
-0.096104
-0.102349
-0.108264
-0.113822
-0.118997
-0.123766
-0.12811
-0.132008
-0.135446
-0.138407
-0.140881
-0.142858
-0.144332
-0.145298
-0.145754
-0.145702
-0.145145
-0.144088
-0.14254
-0.140513
-0.138019
-0.135075
-0.131698
-0.127909
-0.12373
-0.119185
-0.114301
-0.109104
-0.103625
-0.0978946
-0.0919443
-0.0858076
-0.0795184
-0.0731118
-0.066623
-0.060088
-0.0535427
-0.0470234
-0.0405659
-0.0342058
-0.0279783
-0.0219178
-0.0160578
-0.0104308
-0.00506827
-4.85771e-08
0.00474537
0.00914118
0.0131624
0.0167858
0.0199905
0.0227575
0.0250701
0.0269139
0.028277
0.0291499
0.0295256
0.0293995
0.0287699
0.0276373
0.026005
0.0238787
0.0212669
0.0181803
0.0146322
0.010638
0.00621573
0.00138538
-0.00383089
-0.00940896
-0.0153229
-0.0215449
-0.0280457
-0.0347947
-0.0417598
-0.0489079
-0.056205
-0.0636162
-0.0711061
-0.0786388
-0.0861783
-0.0936884
-0.101133
-0.108477
-0.115684
-0.12272
-0.129552
-0.136146
-0.142472
-0.148498
-0.154198
-0.159542
-0.164507
-0.169068
-0.173205
-0.176898
-0.180131
-0.182888
-0.185158
-0.18693
-0.188198
-0.188956
-0.189203
-0.188938
-0.188165
-0.186889
-0.185119
-0.182864
-0.180138
-0.176956
-0.173335
-0.169296
-0.16486
-0.160051
-0.154895
-0.149419
-0.143653
-0.137628
-0.131374
-0.124925
-0.118314
-0.111577
-0.10475
-0.0978664
-0.090964
-0.0840784
-0.0772456
-0.0705014
-0.063881
-0.057419
-0.0511492
-0.0451043
-0.0393158
-0.0338142
-0.0286282
-0.0237849
-0.0193097
-0.0152262
-0.0115558
-0.00831797
-0.00552981
-0.0032062
-0.00135959
-1.30137e-08
0.000864995
0.00123044
0.00109389
0.000455472
-0.000682106
-0.00231358
-0.00443116
-0.00702456
-0.010081
-0.0135855
-0.0175206
-0.0218667
-0.0266021
-0.031703
-0.037144
-0.0428975
-0.0489347
-0.0552251
-0.0617371
-0.0684377
-0.0752931
-0.0822686
-0.0893288
-0.0964381
-0.10356
-0.11066
-0.1177
-0.124645
-0.131459
-0.138109
-0.14456
-0.15078
-0.156736
-0.162398
-0.167738
-0.172727
-0.177341
-0.181555
-0.185348
-0.188701
-0.191595
-0.194017
-0.195952
-0.197391
-0.198327
-0.198753
-0.198667
-0.198069
-0.196962
-0.19535
-0.193241
-0.190645
-0.187574
-0.184044
-0.180072
-0.175676
-0.170879
-0.165704
-0.160176
-0.154323
-0.148173
-0.141757
-0.135106
-0.128253
-0.121232
-0.114078
-0.106825
-0.0995099
-0.0921682
-0.084836
-0.0775496
-0.0703447
-0.0632566
-0.0563202
-0.0495694
-0.0430372
-0.0367555
-0.0307547
-0.0250642
-0.0197113
-0.0147218
-0.0101198
-0.00592704
-0.00216345
0.00115336
0.00400804
0.00638764
0.00828159
0.00968185
0.0105829
0.0109817
0.010878
0.0102738
0.00917394
0.00758564
0.00551868
0.00298528
4.3236e-08
-0.00342011
-0.00725602
-0.0114864
-0.016088
-0.0210355
-0.0263021
-0.031859
-0.0376761
-0.0437221
-0.0499642
-0.0563687
-0.0629013
-0.0695266
-0.0762091
-0.0829128
-0.0896015
-0.0962392
-0.10279
-0.109219
-0.115491
-0.121571
-0.127428
-0.133029
-0.138343
-0.143341
-0.147995
-0.15228
-0.156172
-0.159648
-0.162688
-0.165274
-0.167392
-0.169027
-0.170169
-0.170811
-0.170945
-0.170569
-0.169682
-0.168286
-0.166387
-0.163989
-0.161105
-0.157744
-0.153923
-0.149656
-0.144965
-0.139869
-0.134391
-0.128558
-0.122395
-0.115931
-0.109196
-0.102223
-0.0950418
-0.0876879
-0.0801952
-0.0725989
-0.0649347
-0.0572386
-0.0495468
-0.0418953
-0.0343201
-0.0268566
-0.0195398
-0.0124038
-0.00548184
0.00119397
0.00759275
0.0136851
0.0194431
0.0248406
0.0298533
0.0344588
0.0386369
0.0423695
0.0456406
0.048437
0.0507475
0.0525635
0.053879
0.0546905
0.054997
0.0548003
0.0541044
0.0529162
0.051245
0.0491023
0.0465024
0.0434616
0.0399988
0.0361347
0.0318922
0.0272962
0.0223733
0.0171517
0.0116613
0.00593331
9.20915e-08
-0.00610489
-0.0123473
-0.0186921
-0.0251037
-0.0315462
-0.0379836
-0.0443796
-0.0506986
-0.0569051
-0.062964
-0.0688413
-0.0745036
-0.0799189
-0.0850561
-0.0898858
-0.09438
-0.0985124
-0.102259
-0.105596
-0.108504
-0.110965
-0.112963
-0.114483
-0.115515
-0.116051
-0.116083
-0.115608
-0.114625
-0.113135
-0.111143
-0.108655
-0.105679
-0.102229
-0.0983167
-0.0939595
-0.0891756
-0.0839858
-0.0784129
-0.0724815
-0.0662182
-0.0596511
-0.0528101
-0.0457262
-0.0384318
-0.0309604
-0.0233462
-0.0156243
-0.00783027
-1.26826e-07
0.00783002
0.015624
0.0233459
0.0309601
0.0384316
0.045726
0.0528099
0.0596509
0.066218
0.0724813
0.0784127
0.0839856
0.0891754
0.0939593
0.0983166
0.102229
0.105679
0.108654
0.111143
0.113135
0.114625
0.115608
0.116083
0.116051
0.115515
0.114483
0.112963
0.110965
0.108504
0.105596
0.102259
0.0985125
0.0943801
0.0898859
0.0850563
0.079919
0.0745038
0.0688414
0.0629642
0.0569053
0.0506988
0.0443799
0.0379838
0.0315464
0.0251039
0.0186923
0.0123475
0.00610509
1.02926e-07
-0.00593312
-0.0116611
-0.0171515
-0.0223731
-0.0272961
-0.0318921
-0.0361346
-0.0399987
-0.0434615
-0.0465023
-0.0491022
-0.0512449
-0.0529162
-0.0541044
-0.0548003
-0.054997
-0.0546905
-0.053879
-0.0525635
-0.0507475
-0.0484371
-0.0456407
-0.0423696
-0.038637
-0.034459
-0.0298534
-0.0248408
-0.0194433
-0.0136853
-0.00759295
-0.00119418
0.00548161
0.0124036
0.0195396
0.0268564
0.0343198
0.041895
0.0495465
0.0572384
0.0649344
0.0725986
0.0801949
0.0876876
0.0950416
0.102222
0.109196
0.115931
0.122395
0.128557
0.134391
0.139868
0.144965
0.149656
0.153922
0.157744
0.161105
0.163989
0.166387
0.168286
0.169682
0.170569
0.170945
0.170811
0.170169
0.169027
0.167392
0.165274
0.162688
0.159648
0.156172
0.152281
0.147996
0.143341
0.138343
0.133029
0.127428
0.121572
0.115491
0.109219
0.10279
0.0962394
0.0896017
0.082913
0.0762093
0.0695268
0.0629015
0.0563689
0.0499644
0.0437223
0.0376763
0.0318592
0.0263023
0.0210357
0.0160882
0.0114866
0.00725615
0.00342022
6.05306e-08
-0.00298519
-0.0055186
-0.00758558
-0.00917389
-0.0102738
-0.010878
-0.0109817
-0.0105829
-0.00968189
-0.00828164
-0.0063877
-0.00400813
-0.00115346
0.00216334
0.00592691
0.0101196
0.0147217
0.0197111
0.025064
0.0307545
0.0367553
0.043037
0.0495692
0.05632
0.0632564
0.0703445
0.0775494
0.0848358
0.0921679
0.0995097
0.106825
0.114078
0.121232
0.128253
0.135106
0.141757
0.148173
0.154323
0.160176
0.165704
0.170879
0.175676
0.180071
0.184044
0.187574
0.190645
0.193241
0.19535
0.196962
0.198069
0.198667
0.198753
0.198327
0.197391
0.195952
0.194017
0.191595
0.188701
0.185348
0.181555
0.177341
0.172727
0.167738
0.162398
0.156736
0.15078
0.144561
0.138109
0.13146
0.124645
0.1177
0.11066
0.103561
0.0964384
0.0893291
0.0822688
0.0752933
0.0684379
0.0617373
0.0552254
0.0489349
0.0428977
0.0371441
0.0317032
0.0266023
0.0218669
0.0175208
0.0135857
0.0100812
0.00702465
0.00443123
0.00231364
0.000682151
-0.000455443
-0.00109388
-0.00123045
-0.000865015
-2.3024e-08
0.00135953
0.00320613
0.00552973
0.00831787
0.0115557
0.015226
0.0193096
0.0237847
0.028628
0.033814
0.0393157
0.0451041
0.051149
0.0574188
0.0638808
0.0705012
0.0772454
0.0840781
0.0909637
0.0978662
0.104749
0.111577
0.118314
0.124924
0.131373
0.137627
0.143653
0.149419
0.154895
0.160051
0.16486
0.169296
0.173335
0.176955
0.180138
0.182864
0.185119
0.186889
0.188165
0.188938
0.189203
0.188956
0.188198
0.18693
0.185158
0.182888
0.180131
0.176898
0.173205
0.169068
0.164507
0.159542
0.154198
0.148499
0.142472
0.136146
0.129552
0.12272
0.115684
0.108477
0.101133
0.0936886
0.0861786
0.0786391
0.0711064
0.0636165
0.0562053
0.0489082
0.04176
0.0347949
0.0280459
0.0215451
0.0153231
0.00940915
0.00383107
-0.00138522
-0.00621558
-0.0106379
-0.014632
-0.0181802
-0.0212668
-0.0238787
-0.0260049
-0.0276372
-0.0287698
-0.0293995
-0.0295256
-0.0291499
-0.0282771
-0.026914
-0.0250701
-0.0227576
-0.0199906
-0.0167859
-0.0131625
-0.00914132
-0.00474552
-1.10402e-07
0.0050681
0.0104307
0.0160576
0.0219176
0.0279781
0.0342056
0.0405657
0.0470232
0.0535425
0.0600878
0.0666228
0.0731116
0.0795182
0.0858074
0.0919442
0.0978945
0.103625
0.109104
0.114301
0.119185
0.12373
0.127909
0.131698
0.135075
0.138019
0.140513
0.14254
0.144088
0.145145
0.145702
0.145754
0.145298
0.144332
0.142859
0.140881
0.138407
0.135446
0.132009
0.12811
0.123766
0.118997
0.113822
0.108264
0.10235
0.0961042
0.0895564
0.0827361
0.0756745
0.0684042
0.0609587
0.0533723
0.0456802
0.037918
0.0301218
0.0223275
0.0145715
0.00688953
-0.000682757
-0.00811041
-0.0153592
-0.0223958
-0.0291879
-0.0357046
-0.0419162
-0.0477947
-0.0533139
-0.0584491
-0.0631778
-0.0674795
-0.0713359
-0.0747309
-0.0776508
-0.0800844
-0.0820227
-0.0834595
-0.0843911
-0.0848162
-0.0847361
-0.0841549
-0.0830791
-0.0815176
-0.0794819
-0.076986
-0.0740459
-0.0706802
-0.0669095
-0.0627566
-0.058246
-0.0534042
-0.0482593
-0.0428409
-0.0371803
-0.0313096
-0.0252621
-0.0190722
-0.0127749
-0.00640555
-1.5565e-07
0.00640524
0.0127746
0.0190719
0.0252618
0.0313093
0.03718
0.0428407
0.048259
0.0534039
0.0582457
0.0627564
0.0669093
0.07068
0.0740457
0.0769858
0.0794818
0.0815175
0.083079
0.0841549
0.0847361
0.0848162
0.0843911
0.0834596
0.0820228
0.0800845
0.077651
0.0747311
0.0713361
0.0674797
0.063178
0.0584493
0.0533141
0.047795
0.0419165
0.0357049
0.0291882
0.0223961
0.0153595
0.00811077
0.000683121
-0.00688916
-0.0145711
-0.0223271
-0.0301214
-0.0379176
-0.0456798
-0.0533719
-0.0609583
-0.0684038
-0.0756742
-0.0827357
-0.0895561
-0.0961039
-0.102349
-0.108264
-0.113821
-0.118996
-0.123766
-0.12811
-0.132008
-0.135446
-0.138407
-0.140881
-0.142858
-0.144332
-0.145298
-0.145754
-0.145702
-0.145145
-0.144088
-0.14254
-0.140513
-0.138019
-0.135075
-0.131699
-0.127909
-0.12373
-0.119185
-0.114301
-0.109104
-0.103625
-0.0978947
-0.0919444
-0.0858077
-0.0795185
-0.0731119
-0.0666231
-0.0600881
-0.0535429
-0.0470235
-0.040566
-0.0342059
-0.0279784
-0.0219179
-0.0160579
-0.0104309
-0.00506836
-1.28067e-07
0.0047453
0.00914111
0.0131623
0.0167858
0.0199905
0.0227575
0.02507
0.0269139
0.028277
0.0291499
0.0295256
0.0293995
0.0287699
0.0276373
0.026005
0.0238788
0.021267
0.0181804
0.0146322
0.0106381
0.0062158
0.00138546
-0.0038308
-0.00940887
-0.0153228
-0.0215448
-0.0280456
-0.0347946
-0.0417597
-0.0489078
-0.0562049
-0.0636161
-0.071106
-0.0786387
-0.0861782
-0.0936883
-0.101133
-0.108476
-0.115684
-0.12272
-0.129552
-0.136146
-0.142472
-0.148498
-0.154197
-0.159542
-0.164507
-0.169068
-0.173205
-0.176898
-0.180131
-0.182888
-0.185158
-0.18693
-0.188198
-0.188956
-0.189203
-0.188938
-0.188165
-0.186889
-0.185119
-0.182864
-0.180138
-0.176956
-0.173335
-0.169296
-0.16486
-0.160051
-0.154895
-0.14942
-0.143654
-0.137628
-0.131374
-0.124925
-0.118314
-0.111578
-0.10475
-0.0978665
-0.0909641
-0.0840785
-0.0772457
-0.0705015
-0.0638811
-0.0574191
-0.0511493
-0.0451044
-0.0393159
-0.0338143
-0.0286283
-0.0237849
-0.0193098
-0.0152262
-0.0115559
-0.00831802
-0.00552985
-0.00320623
-0.00135961
-3.10327e-08
0.000864985
0.00123044
0.0010939
0.000455486
-0.000682083
-0.00231355
-0.00443112
-0.00702451
-0.010081
-0.0135855
-0.0175206
-0.0218667
-0.026602
-0.031703
-0.0371439
-0.0428974
-0.0489346
-0.055225
-0.061737
-0.0684376
-0.075293
-0.0822685
-0.0893287
-0.096438
-0.10356
-0.110659
-0.117699
-0.124644
-0.131459
-0.138109
-0.14456
-0.15078
-0.156736
-0.162398
-0.167738
-0.172727
-0.177341
-0.181555
-0.185348
-0.188701
-0.191595
-0.194017
-0.195952
-0.197391
-0.198327
-0.198753
-0.198667
-0.198069
-0.196962
-0.19535
-0.193241
-0.190645
-0.187574
-0.184044
-0.180072
-0.175676
-0.170879
-0.165704
-0.160176
-0.154323
-0.148173
-0.141757
-0.135106
-0.128253
-0.121232
-0.114078
-0.106825
-0.0995101
-0.0921683
-0.0848362
-0.0775497
-0.0703448
-0.0632568
-0.0563203
-0.0495695
-0.0430373
-0.0367555
-0.0307548
-0.0250642
-0.0197113
-0.0147219
-0.0101198
-0.0059271
-0.00216351
0.00115331
0.004008
0.0063876
0.00828156
0.00968183
0.0105829
0.0109817
0.010878
0.0102738
0.00917396
0.00758567
0.00551872
0.00298532
9.51192e-08
-0.00342005
-0.00725595
-0.0114863
-0.0160879
-0.0210355
-0.026302
-0.0318589
-0.0376761
-0.043722
-0.0499641
-0.0563686
-0.0629012
-0.0695265
-0.076209
-0.0829127
-0.0896014
-0.0962391
-0.10279
-0.109219
-0.115491
-0.121571
-0.127428
-0.133029
-0.138343
-0.143341
-0.147995
-0.15228
-0.156172
-0.159648
-0.162688
-0.165274
-0.167392
-0.169027
-0.170169
-0.170811
-0.170945
-0.170569
-0.169682
-0.168286
-0.166387
-0.16399
-0.161105
-0.157744
-0.153923
-0.149656
-0.144965
-0.139869
-0.134391
-0.128558
-0.122395
-0.115931
-0.109197
-0.102223
-0.095042
-0.087688
-0.0801953
-0.072599
-0.0649348
-0.0572387
-0.0495469
-0.0418954
-0.0343202
-0.0268567
-0.0195399
-0.0124039
-0.00548195
0.00119386
0.00759265
0.013685
0.019443
0.0248405
0.0298532
0.0344588
0.0386368
0.0423694
0.0456406
0.0484369
0.0507474
0.0525634
0.053879
0.0546905
0.054997
0.0548003
0.0541044
0.0529163
0.051245
0.0491023
0.0465024
0.0434617
0.0399989
0.0361348
0.0318923
0.0272963
0.0223734
0.0171518
0.0116614
0.00593341
1.896e-07
-0.00610479
-0.0123472
-0.018692
-0.0251036
-0.0315461
-0.0379834
-0.0443795
-0.0506985
-0.056905
-0.0629639
-0.0688412
-0.0745035
-0.0799188
-0.085056
-0.0898857
-0.0943799
-0.0985123
-0.102258
-0.105596
-0.108504
-0.110965
-0.112963
-0.114483
-0.115515
-0.116051
-0.116083
-0.115608
-0.114625
-0.113135
-0.111143
-0.108655
-0.105679
-0.102229
-0.0983168
-0.0939595
-0.0891757
-0.0839859
-0.078413
-0.0724816
-0.0662183
-0.0596512
-0.0528102
-0.0457263
-0.0384319
-0.0309605
-0.0233463
-0.0156244
-0.0078304
-2.53652e-07
0.00782989
0.0156239
0.0233458
0.03096
0.0384315
0.0457259
0.0528098
0.0596508
0.0662179
0.0724812
0.0784126
0.0839856
0.0891754
0.0939592
0.0983165
0.102229
0.105679
0.108654
0.111143
0.113135
0.114625
0.115608
0.116083
0.116051
0.115515
0.114483
0.112963
0.110965
0.108504
0.105596
0.102259
0.0985126
0.0943802
0.089886
0.0850563
0.0799191
0.0745039
0.0688415
0.0629643
0.0569054
0.0506989
0.04438
0.0379839
0.0315465
0.025104
0.0186924
0.0123476
0.00610519
2.00435e-07
-0.00593303
-0.011661
-0.0171514
-0.022373
-0.027296
-0.031892
-0.0361345
-0.0399986
-0.0434615
-0.0465022
-0.0491022
-0.0512449
-0.0529162
-0.0541044
-0.0548003
-0.054997
-0.0546905
-0.053879
-0.0525635
-0.0507476
-0.0484371
-0.0456408
-0.0423696
-0.0386371
-0.034459
-0.0298535
-0.0248408
-0.0194434
-0.0136854
-0.00759306
-0.00119428
0.0054815
0.0124035
0.0195394
0.0268562
0.0343197
0.0418949
0.0495464
0.0572382
0.0649343
0.0725985
0.0801948
0.0876875
0.0950415
0.102222
0.109196
0.115931
0.122394
0.128557
0.134391
0.139868
0.144964
0.149656
0.153922
0.157744
0.161105
0.163989
0.166386
0.168286
0.169682
0.170569
0.170945
0.170811
0.17017
0.169027
0.167392
0.165274
0.162688
0.159648
0.156172
0.152281
0.147996
0.143341
0.138343
0.133029
0.127428
0.121572
0.115491
0.109219
0.10279
0.0962396
0.0896018
0.0829131
0.0762094
0.0695269
0.0629016
0.056369
0.0499645
0.0437224
0.0376764
0.0318593
0.0263024
0.0210358
0.0160882
0.0114866
0.00725622
0.00342028
1.12414e-07
-0.00298514
-0.00551857
-0.00758555
-0.00917387
-0.0102738
-0.010878
-0.0109817
-0.0105829
-0.00968191
-0.00828167
-0.00638774
-0.00400817
-0.00115351
0.00216328
0.00592685
0.0101196
0.0147216
0.019711
0.0250639
0.0307544
0.0367552
0.0430369
0.0495691
0.0563199
0.0632563
0.0703443
0.0775493
0.0848357
0.0921678
0.0995096
0.106825
0.114078
0.121232
0.128253
0.135106
0.141757
0.148173
0.154322
0.160176
0.165703
0.170879
0.175676
0.180071
0.184044
0.187574
0.190645
0.193241
0.19535
0.196962
0.198069
0.198667
0.198753
0.198327
0.197391
0.195952
0.194017
0.191595
0.188701
0.185349
0.181555
0.177341
0.172727
0.167738
0.162398
0.156736
0.15078
0.144561
0.13811
0.13146
0.124645
0.1177
0.11066
0.103561
0.0964385
0.0893292
0.0822689
0.0752934
0.068438
0.0617374
0.0552255
0.048935
0.0428978
0.0371442
0.0317033
0.0266023
0.0218669
0.0175208
0.0135857
0.0100812
0.00702469
0.00443127
0.00231367
0.000682173
-0.000455428
-0.00109387
-0.00123045
-0.000865025
-4.10427e-08
0.00135951
0.00320609
0.00552969
0.00831782
0.0115556
0.015226
0.0193095
0.0237846
0.0286279
0.033814
0.0393156
0.045104
0.0511489
0.0574187
0.0638807
0.0705011
0.0772453
0.084078
0.0909636
0.0978661
0.104749
0.111577
0.118314
0.124924
0.131373
0.137627
0.143653
0.149419
0.154895
0.160051
0.164859
0.169295
0.173335
0.176955
0.180138
0.182864
0.185119
0.186889
0.188165
0.188938
0.189203
0.188956
0.188198
0.18693
0.185158
0.182888
0.180131
0.176898
0.173205
0.169068
0.164507
0.159542
0.154198
0.148499
0.142472
0.136146
0.129552
0.12272
0.115684
0.108477
0.101133
0.0936887
0.0861787
0.0786392
0.0711065
0.0636166
0.0562054
0.0489083
0.0417602
0.034795
0.028046
0.0215452
0.0153231
0.00940924
0.00383115
-0.00138513
-0.0062155
-0.0106378
-0.014632
-0.0181802
-0.0212668
-0.0238786
-0.0260049
-0.0276372
-0.0287698
-0.0293995
-0.0295256
-0.0291499
-0.0282771
-0.026914
-0.0250702
-0.0227576
-0.0199907
-0.016786
-0.0131626
-0.00914138
-0.00474559
-1.89892e-07
0.00506802
0.0104306
0.0160575
0.0219175
0.027978
0.0342055
0.0405656
0.0470231
0.0535424
0.0600877
0.0666227
0.0731115
0.0795181
0.0858073
0.0919441
0.0978944
0.103625
0.109104
0.1143
0.119185
0.12373
0.127909
0.131698
0.135075
0.138019
0.140513
0.14254
0.144088
0.145145
0.145702
0.145754
0.145298
0.144332
0.142859
0.140881
0.138407
0.135446
0.132009
0.12811
0.123767
0.118997
0.113822
0.108265
0.10235
0.0961043
0.0895565
0.0827362
0.0756746
0.0684043
0.0609588
0.0533724
0.0456803
0.0379182
0.0301219
0.0223276
0.0145716
0.00688965
-0.000682636
-0.00811029
-0.0153591
-0.0223956
-0.0291878
-0.0357044
-0.0419161
-0.0477947
-0.0533138
-0.058449
-0.0631777
-0.0674794
-0.0713358
-0.0747309
-0.0776508
-0.0800844
-0.0820227
-0.0834595
-0.0843911
-0.0848161
-0.0847361
-0.084155
-0.0830791
-0.0815176
-0.079482
-0.076986
-0.0740459
-0.0706803
-0.0669096
-0.0627567
-0.058246
-0.0534042
-0.0482593
-0.042841
-0.0371804
-0.0313097
-0.0252622
-0.0190723
-0.012775
-0.00640565
-2.59417e-07
0.00640514
0.0127745
0.0190718
0.0252617
0.0313092
0.0371799
0.0428406
0.0482589
0.0534038
0.0582457
0.0627563
0.0669093
0.07068
0.0740457
0.0769858
0.0794818
0.0815175
0.083079
0.0841549
0.0847361
0.0848162
0.0843911
0.0834596
0.0820228
0.0800845
0.077651
0.0747311
0.0713361
0.0674798
0.0631781
0.0584494
0.0533142
0.0477951
0.0419166
0.035705
0.0291883
0.0223962
0.0153596
0.00811088
0.000683243
-0.00688904
-0.014571
-0.022327
-0.0301212
-0.0379175
-0.0456797
-0.0533718
-0.0609582
-0.0684037
-0.075674
-0.0827356
-0.0895559
-0.0961038
-0.102349
-0.108264
-0.113821
-0.118996
-0.123766
-0.12811
-0.132008
-0.135445
-0.138407
-0.140881
-0.142858
-0.144332
-0.145298
-0.145754
-0.145702
-0.145145
-0.144088
-0.14254
-0.140513
-0.13802
-0.135075
-0.131699
-0.12791
-0.12373
-0.119185
-0.114301
-0.109104
-0.103625
-0.0978948
-0.0919445
-0.0858078
-0.0795186
-0.073112
-0.0666232
-0.0600882
-0.053543
-0.0470236
-0.0405661
-0.034206
-0.0279785
-0.021918
-0.016058
-0.010431
-0.00506844
-2.07557e-07
0.00474522
0.00914104
0.0131622
0.0167857
0.0199904
0.0227574
0.02507
0.0269139
0.028277
0.0291499
0.0295256
0.0293995
0.0287699
0.0276373
0.026005
0.0238788
0.021267
0.0181804
0.0146323
0.0106381
0.00621588
0.00138554
-0.00383072
-0.00940878
-0.0153227
-0.0215447
-0.0280455
-0.0347945
-0.0417596
-0.0489077
-0.0562048
-0.063616
-0.0711059
-0.0786386
-0.0861781
-0.0936881
-0.101133
-0.108476
-0.115683
-0.12272
-0.129551
-0.136146
-0.142471
-0.148498
-0.154197
-0.159542
-0.164507
-0.169068
-0.173205
-0.176898
-0.180131
-0.182888
-0.185158
-0.18693
-0.188198
-0.188956
-0.189203
-0.188938
-0.188165
-0.186889
-0.185119
-0.182864
-0.180138
-0.176956
-0.173335
-0.169296
-0.16486
-0.160051
-0.154895
-0.14942
-0.143654
-0.137628
-0.131374
-0.124925
-0.118314
-0.111578
-0.10475
-0.0978666
-0.0909642
-0.0840786
-0.0772458
-0.0705016
-0.0638812
-0.0574192
-0.0511494
-0.0451044
-0.039316
-0.0338144
-0.0286283
-0.023785
-0.0193098
-0.0152263
-0.0115559
-0.00831807
-0.0055299
-0.00320626
-0.00135964
-4.90519e-08
0.000864975
0.00123044
0.0010939
0.0004555
-0.000682061
-0.00231352
-0.00443108
-0.00702446
-0.0100809
-0.0135854
-0.0175205
-0.0218666
-0.0266019
-0.0317029
-0.0371438
-0.0428973
-0.0489345
-0.0552249
-0.0617369
-0.0684375
-0.0752929
-0.0822683
-0.0893286
-0.0964379
-0.10356
-0.110659
-0.117699
-0.124644
-0.131459
-0.138109
-0.14456
-0.15078
-0.156736
-0.162398
-0.167737
-0.172727
-0.177341
-0.181555
-0.185348
-0.188701
-0.191595
-0.194017
-0.195952
-0.197391
-0.198327
-0.198753
-0.198667
-0.198069
-0.196962
-0.19535
-0.193241
-0.190645
-0.187574
-0.184044
-0.180072
-0.175676
-0.170879
-0.165704
-0.160176
-0.154323
-0.148173
-0.141757
-0.135106
-0.128253
-0.121233
-0.114078
-0.106825
-0.0995102
-0.0921684
-0.0848363
-0.0775498
-0.0703449
-0.0632569
-0.0563205
-0.0495696
-0.0430374
-0.0367556
-0.0307549
-0.0250643
-0.0197114
-0.014722
-0.0101199
-0.00592717
-0.00216357
0.00115326
0.00400796
0.00638757
0.00828154
0.00968181
0.0105829
0.0109817
0.010878
0.0102738
0.00917398
0.0075857
0.00551875
0.00298537
1.47002e-07
-0.00341999
-0.00725589
-0.0114863
-0.0160878
-0.0210354
-0.0263019
-0.0318588
-0.037676
-0.0437219
-0.049964
-0.0563685
-0.0629011
-0.0695264
-0.0762089
-0.0829126
-0.0896013
-0.096239
-0.10279
-0.109219
-0.11549
-0.121571
-0.127428
-0.133029
-0.138343
-0.143341
-0.147995
-0.15228
-0.156172
-0.159648
-0.162688
-0.165274
-0.167392
-0.169027
-0.170169
-0.170811
-0.170945
-0.170569
-0.169682
-0.168287
-0.166387
-0.16399
-0.161105
-0.157744
-0.153923
-0.149657
-0.144965
-0.139869
-0.134391
-0.128558
-0.122395
-0.115931
-0.109197
-0.102223
-0.0950421
-0.0876881
-0.0801954
-0.0725991
-0.0649349
-0.0572389
-0.049547
-0.0418955
-0.0343203
-0.0268568
-0.01954
-0.012404
-0.00548206
0.00119376
0.00759255
0.0136849
0.0194429
0.0248404
0.0298531
0.0344587
0.0386368
0.0423693
0.0456405
0.0484369
0.0507474
0.0525634
0.0538789
0.0546905
0.054997
0.0548003
0.0541045
0.0529163
0.051245
0.0491024
0.0465025
0.0434617
0.0399989
0.0361348
0.0318924
0.0272964
0.0223734
0.0171519
0.0116615
0.0059335
2.87109e-07
-0.00610469
-0.0123471
-0.0186919
-0.0251035
-0.031546
-0.0379833
-0.0443794
-0.0506984
-0.0569049
-0.0629638
-0.0688411
-0.0745034
-0.0799187
-0.0850559
-0.0898856
-0.0943798
-0.0985122
-0.102258
-0.105596
-0.108504
-0.110965
-0.112963
-0.114483
-0.115515
-0.116051
-0.116083
-0.115608
-0.114625
-0.113135
-0.111143
-0.108655
-0.105679
-0.102229
-0.0983168
-0.0939596
-0.0891758
-0.083986
-0.0784131
-0.0724817
-0.0662184
-0.0596513
-0.0528103
-0.0457264
-0.0384321
-0.0309606
-0.0233464
-0.0156245
-0.00783052
-3.80478e-07
0.00782976
0.0156238
0.0233457
0.0309599
0.0384313
0.0457257
0.0528096
0.0596507
0.0662178
0.0724811
0.0784125
0.0839855
0.0891753
0.0939592
0.0983164
0.102229
0.105679
0.108654
0.111143
0.113135
0.114625
0.115608
0.116083
0.116051
0.115515
0.114483
0.112963
0.110965
0.108504
0.105596
0.102259
0.0985126
0.0943803
0.0898861
0.0850564
0.0799192
0.074504
0.0688416
0.0629644
0.0569055
0.050699
0.0443801
0.037984
0.0315466
0.0251041
0.0186925
0.0123477
0.00610529
2.97944e-07
-0.00593293
-0.011661
-0.0171514
-0.0223729
-0.0272959
-0.0318919
-0.0361344
-0.0399986
-0.0434614
-0.0465022
-0.0491021
-0.0512448
-0.0529161
-0.0541044
-0.0548002
-0.054997
-0.0546905
-0.053879
-0.0525636
-0.0507476
-0.0484372
-0.0456408
-0.0423697
-0.0386372
-0.0344591
-0.0298536
-0.0248409
-0.0194434
-0.0136855
-0.00759316
-0.00119439
0.00548139
0.0124033
0.0195393
0.0268561
0.0343196
0.0418948
0.0495463
0.0572381
0.0649342
0.0725984
0.0801947
0.0876874
0.0950414
0.102222
0.109196
0.115931
0.122394
0.128557
0.134391
0.139868
0.144964
0.149656
0.153922
0.157744
0.161104
0.163989
0.166386
0.168286
0.169682
0.170569
0.170945
0.170811
0.17017
0.169027
0.167392
0.165274
0.162688
0.159648
0.156172
0.152281
0.147996
0.143341
0.138343
0.133029
0.127429
0.121572
0.115491
0.109219
0.102791
0.0962397
0.0896019
0.0829132
0.0762096
0.0695271
0.0629017
0.0563691
0.0499646
0.0437225
0.0376765
0.0318594
0.0263024
0.0210359
0.0160883
0.0114867
0.00725628
0.00342034
1.64298e-07
-0.0029851
-0.00551853
-0.00758552
-0.00917385
-0.0102738
-0.010878
-0.0109817
-0.0105829
-0.00968192
-0.0082817
-0.00638777
-0.00400821
-0.00115356
0.00216322
0.00592678
0.0101195
0.0147215
0.0197109
0.0250638
0.0307543
0.0367551
0.0430368
0.049569
0.0563198
0.0632562
0.0703442
0.0775491
0.0848356
0.0921677
0.0995095
0.106825
0.114077
0.121232
0.128253
0.135106
0.141756
0.148173
0.154322
0.160176
0.165703
0.170879
0.175676
0.180071
0.184044
0.187574
0.190644
0.19324
0.195349
0.196961
0.198069
0.198667
0.198753
0.198327
0.197391
0.195952
0.194017
0.191596
0.188701
0.185349
0.181555
0.177341
0.172727
0.167738
0.162398
0.156736
0.15078
0.144561
0.13811
0.13146
0.124645
0.1177
0.11066
0.103561
0.0964386
0.0893293
0.082269
0.0752935
0.0684382
0.0617375
0.0552256
0.0489351
0.0428979
0.0371443
0.0317034
0.0266024
0.021867
0.0175209
0.0135858
0.0100813
0.00702474
0.00443131
0.0023137
0.000682195
-0.000455414
-0.00109386
-0.00123045
-0.000865035
-5.90612e-08
0.00135948
0.00320606
0.00552965
0.00831777
0.0115556
0.0152259
0.0193094
0.0237846
0.0286278
0.0338139
0.0393155
0.0451039
0.0511488
0.0574186
0.0638806
0.070501
0.0772452
0.0840779
0.0909635
0.097866
0.104749
0.111577
0.118314
0.124924
0.131373
0.137627
0.143653
0.149419
0.154895
0.16005
0.164859
0.169295
0.173335
0.176955
0.180138
0.182864
0.185119
0.186889
0.188165
0.188938
0.189203
0.188956
0.188198
0.18693
0.185158
0.182888
0.180131
0.176898
0.173205
0.169068
0.164507
0.159542
0.154198
0.148499
0.142472
0.136146
0.129552
0.12272
0.115684
0.108477
0.101133
0.0936889
0.0861788
0.0786393
0.0711066
0.0636167
0.0562055
0.0489084
0.0417603
0.0347951
0.0280462
0.0215453
0.0153232
0.00940933
0.00383124
-0.00138505
-0.00621543
-0.0106377
-0.0146319
-0.0181801
-0.0212668
-0.0238786
-0.0260048
-0.0276372
-0.0287698
-0.0293995
-0.0295256
-0.02915
-0.0282771
-0.026914
-0.0250702
-0.0227577
-0.0199907
-0.0167861
-0.0131626
-0.00914145
-0.00474567
-2.69382e-07
0.00506793
0.0104305
0.0160574
0.0219174
0.0279779
0.0342054
0.0405655
0.047023
0.0535423
0.0600876
0.0666226
0.0731114
0.079518
0.0858072
0.091944
0.0978943
0.103625
0.109104
0.1143
0.119185
0.12373
0.127909
0.131698
0.135075
0.138019
0.140513
0.14254
0.144088
0.145145
0.145702
0.145754
0.145298
0.144332
0.142859
0.140881
0.138407
0.135446
0.132009
0.12811
0.123767
0.118997
0.113822
0.108265
0.10235
0.0961044
0.0895566
0.0827363
0.0756747
0.0684044
0.0609589
0.0533725
0.0456805
0.0379183
0.030122
0.0223278
0.0145717
0.00688978
-0.000682514
-0.00811017
-0.015359
-0.0223955
-0.0291877
-0.0357043
-0.041916
-0.0477946
-0.0533137
-0.0584489
-0.0631776
-0.0674794
-0.0713358
-0.0747308
-0.0776508
-0.0800843
-0.0820227
-0.0834595
-0.0843911
-0.0848161
-0.0847361
-0.084155
-0.0830791
-0.0815177
-0.079482
-0.076986
-0.074046
-0.0706803
-0.0669097
-0.0627567
-0.0582461
-0.0534043
-0.0482594
-0.0428411
-0.0371805
-0.0313098
-0.0252623
-0.0190724
-0.0127751
-0.00640576
-3.63183e-07
0.00640503
0.0127744
0.0190717
0.0252616
0.0313091
0.0371798
0.0428405
0.0482588
0.0534037
0.0582456
0.0627562
0.0669092
0.0706799
0.0740456
0.0769857
0.0794817
0.0815175
0.083079
0.0841549
0.0847361
0.0848162
0.0843911
0.0834596
0.0820229
0.0800846
0.0776511
0.0747312
0.0713362
0.0674798
0.0631782
0.0584495
0.0533143
0.0477952
0.0419167
0.0357051
0.0291884
0.0223963
0.0153598
0.008111
0.000683364
-0.00688891
-0.0145708
-0.0223269
-0.0301211
-0.0379174
-0.0456796
-0.0533717
-0.0609581
-0.0684036
-0.0756739
-0.0827355
-0.0895558
-0.0961037
-0.102349
-0.108264
-0.113821
-0.118996
-0.123766
-0.12811
-0.132008
-0.135445
-0.138407
-0.140881
-0.142858
-0.144332
-0.145298
-0.145754
-0.145702
-0.145145
-0.144088
-0.14254
-0.140513
-0.13802
-0.135075
-0.131699
-0.12791
-0.12373
-0.119186
-0.114301
-0.109105
-0.103626
-0.0978949
-0.0919446
-0.0858079
-0.0795187
-0.0731121
-0.0666233
-0.0600883
-0.0535431
-0.0470237
-0.0405662
-0.0342061
-0.0279786
-0.0219181
-0.0160581
-0.0104311
-0.00506853
-2.87047e-07
0.00474515
0.00914098
0.0131622
0.0167857
0.0199904
0.0227574
0.02507
0.0269138
0.028277
0.0291499
0.0295256
0.0293995
0.0287699
0.0276373
0.026005
0.0238789
0.0212671
0.0181805
0.0146324
0.0106382
0.00621595
0.00138562
-0.00383063
-0.00940868
-0.0153226
-0.0215446
-0.0280454
-0.0347944
-0.0417595
-0.0489076
-0.0562047
-0.0636159
-0.0711058
-0.0786385
-0.0861779
-0.093688
-0.101133
-0.108476
-0.115683
-0.12272
-0.129551
-0.136146
-0.142471
-0.148498
-0.154197
-0.159542
-0.164506
-0.169068
-0.173205
-0.176898
-0.180131
-0.182888
-0.185158
-0.18693
-0.188198
-0.188956
-0.189203
-0.188938
-0.188165
-0.186889
-0.185119
-0.182864
-0.180138
-0.176956
-0.173335
-0.169296
-0.16486
-0.160051
-0.154895
-0.14942
-0.143654
-0.137628
-0.131374
-0.124925
-0.118315
-0.111578
-0.10475
-0.0978668
-0.0909643
-0.0840787
-0.0772459
-0.0705017
-0.0638813
-0.0574193
-0.0511495
-0.0451045
-0.0393161
-0.0338145
-0.0286284
-0.0237851
-0.0193099
-0.0152264
-0.011556
-0.00831811
-0.00552994
-0.0032063
-0.00135966
-6.70712e-08
0.000864966
0.00123044
0.00109391
0.000455515
-0.000682038
-0.00231349
-0.00443104
-0.00702442
-0.0100809
-0.0135854
-0.0175204
-0.0218665
-0.0266019
-0.0317028
-0.0371437
-0.0428972
-0.0489344
-0.0552248
-0.0617368
-0.0684374
-0.0752928
-0.0822682
-0.0893285
-0.0964378
-0.10356
-0.110659
-0.117699
-0.124644
-0.131459
-0.138109
-0.14456
-0.150779
-0.156736
-0.162398
-0.167737
-0.172727
-0.177341
-0.181555
-0.185348
-0.188701
-0.191595
-0.194017
-0.195952
-0.197391
-0.198327
-0.198753
-0.198667
-0.198069
-0.196962
-0.19535
-0.193241
-0.190645
-0.187574
-0.184044
-0.180072
-0.175676
-0.170879
-0.165704
-0.160176
-0.154323
-0.148173
-0.141757
-0.135106
-0.128254
-0.121233
-0.114078
-0.106826
-0.0995103
-0.0921685
-0.0848364
-0.07755
-0.070345
-0.063257
-0.0563206
-0.0495697
-0.0430375
-0.0367557
-0.030755
-0.0250644
-0.0197115
-0.0147221
-0.01012
-0.00592723
-0.00216362
0.00115321
0.00400792
0.00638753
0.00828151
0.00968179
0.0105829
0.0109817
0.010878
0.0102739
0.009174
0.00758573
0.00551879
0.00298541
1.98885e-07
-0.00341993
-0.00725582
-0.0114862
-0.0160878
-0.0210353
-0.0263018
-0.0318587
-0.0376759
-0.0437218
-0.0499639
-0.0563684
-0.062901
-0.0695263
-0.0762088
-0.0829125
-0.0896012
-0.0962389
-0.10279
-0.109219
-0.11549
-0.121571
-0.127428
-0.133029
-0.138343
-0.143341
-0.147995
-0.15228
-0.156172
-0.159647
-0.162688
-0.165274
-0.167392
-0.169027
-0.170169
-0.170811
-0.170945
-0.170569
-0.169682
-0.168287
-0.166387
-0.16399
-0.161105
-0.157744
-0.153923
-0.149657
-0.144965
-0.139869
-0.134391
-0.128558
-0.122395
-0.115931
-0.109197
-0.102223
-0.0950422
-0.0876882
-0.0801955
-0.0725993
-0.0649351
-0.057239
-0.0495471
-0.0418957
-0.0343204
-0.026857
-0.0195401
-0.0124041
-0.00548217
0.00119365
0.00759245
0.0136848
0.0194428
0.0248403
0.0298531
0.0344586
0.0386367
0.0423693
0.0456405
0.0484369
0.0507474
0.0525634
0.0538789
0.0546904
0.054997
0.0548003
0.0541045
0.0529163
0.051245
0.0491024
0.0465025
0.0434618
0.039999
0.0361349
0.0318924
0.0272964
0.0223735
0.017152
0.0116616
0.0059336
3.84617e-07
-0.00610459
-0.012347
-0.0186918
-0.0251034
-0.0315459
-0.0379832
-0.0443793
-0.0506983
-0.0569048
-0.0629637
-0.068841
-0.0745033
-0.0799186
-0.0850559
-0.0898856
-0.0943798
-0.0985122
-0.102258
-0.105596
-0.108504
-0.110965
-0.112963
-0.114483
-0.115515
-0.116051
-0.116083
-0.115608
-0.114625
-0.113135
-0.111143
-0.108655
-0.10568
-0.102229
-0.0983169
-0.0939597
-0.0891758
-0.0839861
-0.0784132
-0.0724818
-0.0662185
-0.0596515
-0.0528104
-0.0457266
-0.0384322
-0.0309607
-0.0233465
-0.0156246
-0.00783065
-5.07303e-07
0.00782964
0.0156236
0.0233455
0.0309598
0.0384312
0.0457256
0.0528095
0.0596506
0.0662177
0.072481
0.0784124
0.0839854
0.0891752
0.0939591
0.0983163
0.102228
0.105679
0.108654
0.111143
0.113135
0.114625
0.115608
0.116083
0.116051
0.115515
0.114483
0.112963
0.110965
0.108504
0.105596
0.102259
0.0985127
0.0943803
0.0898862
0.0850565
0.0799193
0.0745041
0.0688417
0.0629645
0.0569056
0.0506992
0.0443802
0.0379841
0.0315467
0.0251042
0.0186926
0.0123478
0.00610539
3.95452e-07
-0.00593284
-0.0116609
-0.0171513
-0.0223729
-0.0272958
-0.0318919
-0.0361344
-0.0399985
-0.0434614
-0.0465021
-0.0491021
-0.0512448
-0.0529161
-0.0541044
-0.0548002
-0.054997
-0.0546905
-0.0538791
-0.0525636
-0.0507476
-0.0484372
-0.0456409
-0.0423697
-0.0386372
-0.0344592
-0.0298537
-0.024841
-0.0194435
-0.0136856
-0.00759326
-0.0011945
0.00548128
0.0124032
0.0195392
0.026856
0.0343195
0.0418947
0.0495461
0.057238
0.0649341
0.0725983
0.0801946
0.0876873
0.0950412
0.102222
0.109196
0.11593
0.122394
0.128557
0.134391
0.139868
0.144964
0.149656
0.153922
0.157744
0.161104
0.163989
0.166386
0.168286
0.169682
0.170569
0.170945
0.170811
0.17017
0.169027
0.167392
0.165274
0.162688
0.159648
0.156172
0.152281
0.147996
0.143341
0.138343
0.133029
0.127429
0.121572
0.115491
0.109219
0.102791
0.0962398
0.089602
0.0829133
0.0762097
0.0695272
0.0629018
0.0563693
0.0499647
0.0437226
0.0376766
0.0318595
0.0263025
0.021036
0.0160884
0.0114868
0.00725635
0.0034204
2.16181e-07
-0.00298505
-0.00551849
-0.00758549
-0.00917383
-0.0102737
-0.010878
-0.0109817
-0.0105829
-0.00968194
-0.00828172
-0.00638781
-0.00400826
-0.00115361
0.00216316
0.00592672
0.0101194
0.0147214
0.0197108
0.0250637
0.0307543
0.036755
0.0430367
0.0495689
0.0563197
0.0632561
0.0703441
0.077549
0.0848355
0.0921676
0.0995093
0.106825
0.114077
0.121232
0.128253
0.135105
0.141756
0.148172
0.154322
0.160175
0.165703
0.170878
0.175676
0.180071
0.184044
0.187574
0.190644
0.19324
0.195349
0.196961
0.198069
0.198667
0.198753
0.198327
0.197391
0.195952
0.194017
0.191596
0.188701
0.185349
0.181555
0.177341
0.172727
0.167738
0.162399
0.156736
0.15078
0.144561
0.13811
0.13146
0.124645
0.1177
0.11066
0.103561
0.0964387
0.0893294
0.0822691
0.0752937
0.0684383
0.0617377
0.0552257
0.0489352
0.042898
0.0371444
0.0317035
0.0266025
0.0218671
0.017521
0.0135858
0.0100813
0.00702478
0.00443135
0.00231373
0.000682218
-0.0004554
-0.00109386
-0.00123045
-0.000865045
-7.70796e-08
0.00135946
0.00320603
0.00552961
0.00831772
0.0115555
0.0152259
0.0193093
0.0237845
0.0286278
0.0338138
0.0393154
0.0451038
0.0511487
0.0574185
0.0638805
0.0705009
0.0772451
0.0840778
0.0909634
0.0978659
0.104749
0.111577
0.118314
0.124924
0.131373
0.137627
0.143653
0.149419
0.154894
0.16005
0.164859
0.169295
0.173335
0.176955
0.180138
0.182864
0.185119
0.186889
0.188165
0.188938
0.189203
0.188956
0.188198
0.18693
0.185158
0.182888
0.180131
0.176899
0.173205
0.169068
0.164507
0.159542
0.154198
0.148499
0.142472
0.136147
0.129552
0.122721
0.115684
0.108477
0.101134
0.093689
0.0861789
0.0786395
0.0711067
0.0636168
0.0562056
0.0489085
0.0417604
0.0347953
0.0280463
0.0215454
0.0153233
0.00940943
0.00383133
-0.00138497
-0.00621535
-0.0106377
-0.0146319
-0.0181801
-0.0212667
-0.0238785
-0.0260048
-0.0276371
-0.0287698
-0.0293995
-0.0295256
-0.02915
-0.0282771
-0.026914
-0.0250702
-0.0227577
-0.0199908
-0.0167861
-0.0131627
-0.00914152
-0.00474574
-3.48871e-07
0.00506785
0.0104304
0.0160573
0.0219173
0.0279778
0.0342053
0.0405654
0.0470229
0.0535422
0.0600874
0.0666225
0.0731112
0.0795179
0.0858071
0.0919439
0.0978942
0.103625
0.109104
0.1143
0.119185
0.12373
0.127909
0.131698
0.135075
0.138019
0.140513
0.14254
0.144088
0.145145
0.145702
0.145754
0.145298
0.144332
0.142859
0.140881
0.138407
0.135446
0.132009
0.12811
0.123767
0.118997
0.113822
0.108265
0.10235
0.0961045
0.0895567
0.0827364
0.0756749
0.0684046
0.060959
0.0533727
0.0456806
0.0379184
0.0301221
0.0223279
0.0145718
0.0068899
-0.000682393
-0.00811005
-0.0153588
-0.0223954
-0.0291876
-0.0357042
-0.0419159
-0.0477945
-0.0533136
-0.0584488
-0.0631776
-0.0674793
-0.0713357
-0.0747308
-0.0776507
-0.0800843
-0.0820226
-0.0834595
-0.0843911
-0.0848161
-0.0847361
-0.084155
-0.0830792
-0.0815177
-0.079482
-0.0769861
-0.074046
-0.0706804
-0.0669097
-0.0627568
-0.0582462
-0.0534044
-0.0482595
-0.0428412
-0.0371806
-0.0313098
-0.0252624
-0.0190725
-0.0127752
-0.00640586
-4.6695e-07
0.00640493
0.0127743
0.0190716
0.0252615
0.031309
0.0371797
0.0428404
0.0482587
0.0534037
0.0582455
0.0627562
0.0669092
0.0706799
0.0740456
0.0769857
0.0794817
0.0815174
0.083079
0.0841549
0.0847361
0.0848162
0.0843912
0.0834597
0.0820229
0.0800846
0.0776511
0.0747312
0.0713362
0.0674799
0.0631782
0.0584496
0.0533144
0.0477953
0.0419168
0.0357052
0.0291885
0.0223964
0.0153599
0.00811112
0.000683486
-0.00688879
-0.0145707
-0.0223268
-0.030121
-0.0379173
-0.0456795
-0.0533716
-0.0609579
-0.0684035
-0.0756738
-0.0827354
-0.0895557
-0.0961036
-0.102349
-0.108264
-0.113821
-0.118996
-0.123766
-0.12811
-0.132008
-0.135445
-0.138407
-0.140881
-0.142858
-0.144332
-0.145298
-0.145754
-0.145702
-0.145145
-0.144088
-0.14254
-0.140513
-0.13802
-0.135075
-0.131699
-0.12791
-0.123731
-0.119186
-0.114301
-0.109105
-0.103626
-0.097895
-0.0919447
-0.085808
-0.0795189
-0.0731122
-0.0666234
-0.0600884
-0.0535432
-0.0470238
-0.0405663
-0.0342062
-0.0279787
-0.0219182
-0.0160582
-0.0104312
-0.00506861
-3.66537e-07
0.00474507
0.00914091
0.0131621
0.0167856
0.0199903
0.0227573
0.0250699
0.0269138
0.028277
0.0291499
0.0295256
0.0293995
0.0287699
0.0276373
0.0260051
0.0238789
0.0212671
0.0181806
0.0146324
0.0106383
0.00621603
0.0013857
-0.00383054
-0.00940859
-0.0153225
-0.0215445
-0.0280453
-0.0347943
-0.0417594
-0.0489075
-0.0562045
-0.0636157
-0.0711056
-0.0786384
-0.0861778
-0.0936879
-0.101133
-0.108476
-0.115683
-0.12272
-0.129551
-0.136146
-0.142471
-0.148498
-0.154197
-0.159542
-0.164506
-0.169068
-0.173205
-0.176898
-0.180131
-0.182888
-0.185158
-0.18693
-0.188198
-0.188956
-0.189203
-0.188938
-0.188165
-0.18689
-0.185119
-0.182864
-0.180138
-0.176956
-0.173335
-0.169296
-0.16486
-0.160051
-0.154895
-0.14942
-0.143654
-0.137628
-0.131374
-0.124925
-0.118315
-0.111578
-0.10475
-0.0978669
-0.0909644
-0.0840788
-0.077246
-0.0705018
-0.0638814
-0.0574194
-0.0511496
-0.0451046
-0.0393162
-0.0338146
-0.0286285
-0.0237852
-0.01931
-0.0152264
-0.011556
-0.00831816
-0.00552998
-0.00320633
-0.00135969
-8.50906e-08
0.000864956
0.00123043
0.00109391
0.000455529
-0.000682016
-0.00231346
-0.00443101
-0.00702437
-0.0100808
-0.0135853
-0.0175204
-0.0218664
-0.0266018
-0.0317027
-0.0371436
-0.0428971
-0.0489343
-0.0552247
-0.0617367
-0.0684373
-0.0752926
-0.0822681
-0.0893284
-0.0964377
-0.10356
-0.110659
-0.117699
-0.124644
-0.131459
-0.138109
-0.14456
-0.150779
-0.156735
-0.162398
-0.167737
-0.172727
-0.17734
-0.181555
-0.185348
-0.188701
-0.191595
-0.194016
-0.195952
-0.197391
-0.198326
-0.198753
-0.198667
-0.198069
-0.196962
-0.19535
-0.193241
-0.190645
-0.187574
-0.184044
-0.180072
-0.175676
-0.170879
-0.165704
-0.160176
-0.154323
-0.148173
-0.141757
-0.135106
-0.128254
-0.121233
-0.114078
-0.106826
-0.0995104
-0.0921687
-0.0848365
-0.0775501
-0.0703452
-0.0632571
-0.0563207
-0.0495699
-0.0430376
-0.0367558
-0.0307551
-0.0250645
-0.0197116
-0.0147221
-0.0101201
-0.0059273
-0.00216368
0.00115316
0.00400787
0.0063875
0.00828148
0.00968178
0.0105828
0.0109817
0.010878
0.0102739
0.00917402
0.00758576
0.00551883
0.00298546
2.50768e-07
-0.00341987
-0.00725576
-0.0114861
-0.0160877
-0.0210352
-0.0263017
-0.0318586
-0.0376758
-0.0437217
-0.0499638
-0.0563683
-0.0629008
-0.0695262
-0.0762087
-0.0829123
-0.0896011
-0.0962388
-0.10279
-0.109219
-0.11549
-0.121571
-0.127428
-0.133028
-0.138343
-0.143341
-0.147995
-0.15228
-0.156172
-0.159647
-0.162688
-0.165274
-0.167392
-0.169027
-0.170169
-0.170811
-0.170945
-0.170569
-0.169682
-0.168287
-0.166387
-0.16399
-0.161105
-0.157744
-0.153923
-0.149657
-0.144965
-0.139869
-0.134392
-0.128558
-0.122395
-0.115931
-0.109197
-0.102223
-0.0950423
-0.0876884
-0.0801957
-0.0725994
-0.0649352
-0.0572391
-0.0495473
-0.0418958
-0.0343206
-0.0268571
-0.0195403
-0.0124042
-0.00548228
0.00119354
0.00759235
0.0136847
0.0194427
0.0248403
0.029853
0.0344585
0.0386367
0.0423692
0.0456404
0.0484368
0.0507473
0.0525634
0.0538789
0.0546904
0.054997
0.0548003
0.0541045
0.0529163
0.0512451
0.0491024
0.0465026
0.0434619
0.039999
0.036135
0.0318925
0.0272965
0.0223736
0.017152
0.0116617
0.00593369
4.82126e-07
-0.00610449
-0.0123469
-0.0186917
-0.0251033
-0.0315458
-0.0379831
-0.0443792
-0.0506982
-0.0569047
-0.0629636
-0.0688409
-0.0745033
-0.0799185
-0.0850558
-0.0898855
-0.0943797
-0.0985121
-0.102258
-0.105596
-0.108504
-0.110965
-0.112963
-0.114483
-0.115515
-0.116051
-0.116083
-0.115608
-0.114625
-0.113135
-0.111143
-0.108655
-0.10568
-0.102229
-0.098317
-0.0939597
-0.0891759
-0.0839862
-0.0784133
-0.0724819
-0.0662186
-0.0596516
-0.0528106
-0.0457267
-0.0384323
-0.0309609
-0.0233467
-0.0156248
-0.00783077
-6.34129e-07
0.00782951
0.0156235
0.0233454
0.0309596
0.0384311
0.0457255
0.0528094
0.0596505
0.0662176
0.0724809
0.0784123
0.0839853
0.0891751
0.093959
0.0983163
0.102228
0.105679
0.108654
0.111143
0.113135
0.114625
0.115608
0.116083
0.116051
0.115515
0.114483
0.112963
0.110965
0.108505
0.105596
0.102259
0.0985128
0.0943804
0.0898863
0.0850566
0.0799194
0.0745041
0.0688418
0.0629646
0.0569057
0.0506993
0.0443803
0.0379842
0.0315468
0.0251043
0.0186927
0.0123479
0.00610549
4.92961e-07
-0.00593275
-0.0116608
-0.0171512
-0.0223728
-0.0272957
-0.0318918
-0.0361343
-0.0399984
-0.0434613
-0.0465021
-0.0491021
-0.0512448
-0.0529161
-0.0541043
-0.0548002
-0.054997
-0.0546905
-0.0538791
-0.0525636
-0.0507477
-0.0484372
-0.0456409
-0.0423698
-0.0386373
-0.0344592
-0.0298538
-0.0248411
-0.0194436
-0.0136857
-0.00759336
-0.0011946
0.00548117
0.0124031
0.0195391
0.0268559
0.0343193
0.0418945
0.049546
0.0572379
0.0649339
0.0725981
0.0801944
0.0876872
0.0950411
0.102222
0.109196
0.11593
0.122394
0.128557
0.134391
0.139868
0.144964
0.149656
0.153922
0.157744
0.161104
0.163989
0.166386
0.168286
0.169682
0.170569
0.170945
0.170811
0.17017
0.169027
0.167392
0.165274
0.162688
0.159648
0.156172
0.152281
0.147996
0.143341
0.138343
0.133029
0.127429
0.121572
0.115491
0.10922
0.102791
0.0962399
0.0896021
0.0829134
0.0762098
0.0695273
0.0629019
0.0563694
0.0499648
0.0437227
0.0376767
0.0318595
0.0263026
0.021036
0.0160885
0.0114868
0.00725641
0.00342046
2.68065e-07
-0.00298501
-0.00551846
-0.00758546
-0.00917381
-0.0102737
-0.010878
-0.0109817
-0.010583
-0.00968196
-0.00828175
-0.00638784
-0.0040083
-0.00115366
0.00216311
0.00592665
0.0101193
0.0147214
0.0197108
0.0250636
0.0307542
0.0367549
0.0430366
0.0495688
0.0563196
0.063256
0.070344
0.0775489
0.0848353
0.0921675
0.0995092
0.106824
0.114077
0.121232
0.128253
0.135105
0.141756
0.148172
0.154322
0.160175
0.165703
0.170878
0.175676
0.180071
0.184044
0.187574
0.190644
0.19324
0.195349
0.196961
0.198069
0.198667
0.198753
0.198327
0.197391
0.195952
0.194017
0.191596
0.188701
0.185349
0.181555
0.177341
0.172727
0.167738
0.162399
0.156736
0.15078
0.144561
0.13811
0.13146
0.124645
0.1177
0.11066
0.103561
0.0964388
0.0893295
0.0822693
0.0752938
0.0684384
0.0617378
0.0552258
0.0489353
0.0428981
0.0371445
0.0317036
0.0266026
0.0218672
0.017521
0.0135859
0.0100814
0.00702483
0.00443139
0.00231376
0.00068224
-0.000455385
-0.00109385
-0.00123045
-0.000865055
-9.50979e-08
0.00135943
0.00320599
0.00552956
0.00831767
0.0115555
0.0152258
0.0193093
0.0237844
0.0286277
0.0338137
0.0393153
0.0451037
0.0511486
0.0574184
0.0638804
0.0705008
0.0772449
0.0840777
0.0909633
0.0978658
0.104749
0.111577
0.118314
0.124924
0.131373
0.137627
0.143653
0.149419
0.154894
0.16005
0.164859
0.169295
0.173335
0.176955
0.180138
0.182864
0.185119
0.186889
0.188165
0.188938
0.189203
0.188956
0.188198
0.18693
0.185158
0.182888
0.180131
0.176899
0.173205
0.169069
0.164507
0.159543
0.154198
0.148499
0.142472
0.136147
0.129552
0.122721
0.115684
0.108477
0.101134
0.0936891
0.086179
0.0786396
0.0711068
0.0636169
0.0562057
0.0489086
0.0417605
0.0347954
0.0280464
0.0215455
0.0153234
0.00940952
0.00383142
-0.00138489
-0.00621528
-0.0106376
-0.0146318
-0.01818
-0.0212667
-0.0238785
-0.0260048
-0.0276371
-0.0287698
-0.0293995
-0.0295256
-0.02915
-0.0282771
-0.0269141
-0.0250703
-0.0227577
-0.0199908
-0.0167862
-0.0131627
-0.00914159
-0.00474581
-4.28361e-07
0.00506776
0.0104303
0.0160572
0.0219172
0.0279777
0.0342052
0.0405653
0.0470228
0.0535421
0.0600873
0.0666224
0.0731111
0.0795178
0.085807
0.0919438
0.0978941
0.103625
0.109104
0.1143
0.119185
0.12373
0.127909
0.131698
0.135075
0.138019
0.140513
0.14254
0.144088
0.145145
0.145702
0.145754
0.145298
0.144332
0.142859
0.140881
0.138407
0.135446
0.132009
0.12811
0.123767
0.118997
0.113822
0.108265
0.10235
0.0961046
0.0895568
0.0827365
0.075675
0.0684047
0.0609591
0.0533728
0.0456807
0.0379185
0.0301223
0.022328
0.014572
0.00689003
-0.000682271
-0.00810993
-0.0153587
-0.0223953
-0.0291874
-0.0357041
-0.0419158
-0.0477944
-0.0533135
-0.0584488
-0.0631775
-0.0674792
-0.0713357
-0.0747307
-0.0776507
-0.0800842
-0.0820226
-0.0834595
-0.084391
-0.0848161
-0.0847361
-0.084155
-0.0830792
-0.0815177
-0.0794821
-0.0769861
-0.0740461
-0.0706804
-0.0669098
-0.0627569
-0.0582463
-0.0534045
-0.0482596
-0.0428413
-0.0371807
-0.0313099
-0.0252625
-0.0190726
-0.0127753
-0.00640596
-5.70716e-07
0.00640483
0.0127742
0.0190715
0.0252614
0.0313089
0.0371796
0.0428403
0.0482587
0.0534036
0.0582454
0.0627561
0.0669091
0.0706798
0.0740455
0.0769856
0.0794817
0.0815174
0.083079
0.0841548
0.0847361
0.0848162
0.0843912
0.0834597
0.0820229
0.0800846
0.0776511
0.0747313
0.0713363
0.06748
0.0631783
0.0584496
0.0533145
0.0477954
0.0419169
0.0357053
0.0291886
0.0223965
0.01536
0.00811124
0.000683607
-0.00688867
-0.0145706
-0.0223266
-0.0301209
-0.0379171
-0.0456793
-0.0533714
-0.0609578
-0.0684034
-0.0756737
-0.0827353
-0.0895556
-0.0961035
-0.102349
-0.108264
-0.113821
-0.118996
-0.123766
-0.12811
-0.132008
-0.135445
-0.138407
-0.140881
-0.142858
-0.144332
-0.145298
-0.145754
-0.145702
-0.145145
-0.144088
-0.14254
-0.140513
-0.13802
-0.135075
-0.131699
-0.12791
-0.123731
-0.119186
-0.114301
-0.109105
-0.103626
-0.0978951
-0.0919448
-0.0858081
-0.079519
-0.0731123
-0.0666235
-0.0600885
-0.0535433
-0.0470239
-0.0405664
-0.0342063
-0.0279788
-0.0219183
-0.0160583
-0.0104313
-0.00506869
-4.46028e-07
0.004745
0.00914084
0.0131621
0.0167856
0.0199903
0.0227573
0.0250699
0.0269138
0.0282769
0.0291499
0.0295256
0.0293995
0.0287699
0.0276374
0.0260051
0.0238789
0.0212672
0.0181806
0.0146325
0.0106384
0.0062161
0.00138579
-0.00383045
-0.0094085
-0.0153224
-0.0215444
-0.0280452
-0.0347941
-0.0417592
-0.0489074
-0.0562044
-0.0636156
-0.0711055
-0.0786382
-0.0861777
-0.0936878
-0.101132
-0.108476
-0.115683
-0.122719
-0.129551
-0.136146
-0.142471
-0.148498
-0.154197
-0.159542
-0.164506
-0.169068
-0.173205
-0.176898
-0.180131
-0.182888
-0.185158
-0.18693
-0.188198
-0.188956
-0.189203
-0.188938
-0.188165
-0.18689
-0.185119
-0.182864
-0.180138
-0.176956
-0.173335
-0.169296
-0.16486
-0.160051
-0.154895
-0.14942
-0.143654
-0.137628
-0.131374
-0.124925
-0.118315
-0.111578
-0.10475
-0.097867
-0.0909645
-0.0840789
-0.0772461
-0.0705019
-0.0638815
-0.0574195
-0.0511497
-0.0451047
-0.0393163
-0.0338147
-0.0286286
-0.0237852
-0.01931
-0.0152265
-0.0115561
-0.00831821
-0.00553002
-0.00320636
-0.00135972
-1.0311e-07
0.000864946
0.00123043
0.00109392
0.000455543
-0.000681994
-0.00231343
-0.00443097
-0.00702433
-0.0100808
-0.0135852
-0.0175203
-0.0218664
-0.0266017
-0.0317026
-0.0371435
-0.042897
-0.0489342
-0.0552246
-0.0617366
-0.0684372
-0.0752925
-0.082268
-0.0893283
-0.0964376
-0.10356
-0.110659
-0.117699
-0.124644
-0.131459
-0.138109
-0.14456
-0.150779
-0.156735
-0.162398
-0.167737
-0.172727
-0.17734
-0.181555
-0.185348
-0.188701
-0.191595
-0.194016
-0.195952
-0.197391
-0.198326
-0.198753
-0.198667
-0.198069
-0.196962
-0.19535
-0.193241
-0.190645
-0.187574
-0.184044
-0.180072
-0.175676
-0.170879
-0.165704
-0.160176
-0.154323
-0.148173
-0.141757
-0.135107
-0.128254
-0.121233
-0.114078
-0.106826
-0.0995105
-0.0921688
-0.0848366
-0.0775502
-0.0703453
-0.0632572
-0.0563208
-0.04957
-0.0430377
-0.0367559
-0.0307552
-0.0250646
-0.0197117
-0.0147222
-0.0101201
-0.00592736
-0.00216374
0.00115311
0.00400783
0.00638746
0.00828146
0.00968176
0.0105828
0.0109817
0.010878
0.0102739
0.00917405
0.00758579
0.00551887
0.0029855
3.02651e-07
-0.00341981
-0.00725569
-0.0114861
-0.0160876
-0.0210351
-0.0263017
-0.0318585
-0.0376757
-0.0437216
-0.0499637
-0.0563682
-0.0629007
-0.0695261
-0.0762086
-0.0829122
-0.089601
-0.0962387
-0.10279
-0.109218
-0.11549
-0.121571
-0.127428
-0.133028
-0.138342
-0.143341
-0.147995
-0.15228
-0.156172
-0.159647
-0.162687
-0.165274
-0.167392
-0.169027
-0.170169
-0.170811
-0.170945
-0.170569
-0.169682
-0.168287
-0.166387
-0.16399
-0.161105
-0.157745
-0.153923
-0.149657
-0.144965
-0.139869
-0.134392
-0.128558
-0.122395
-0.115932
-0.109197
-0.102223
-0.0950424
-0.0876885
-0.0801958
-0.0725995
-0.0649353
-0.0572392
-0.0495474
-0.0418959
-0.0343207
-0.0268572
-0.0195404
-0.0124044
-0.00548239
0.00119344
0.00759225
0.0136846
0.0194426
0.0248402
0.0298529
0.0344585
0.0386366
0.0423692
0.0456404
0.0484368
0.0507473
0.0525633
0.0538789
0.0546904
0.054997
0.0548003
0.0541045
0.0529164
0.0512451
0.0491025
0.0465026
0.0434619
0.0399991
0.036135
0.0318926
0.0272966
0.0223737
0.0171521
0.0116618
0.00593378
5.79634e-07
-0.00610439
-0.0123468
-0.0186916
-0.0251032
-0.0315457
-0.037983
-0.0443791
-0.0506981
-0.0569046
-0.0629635
-0.0688408
-0.0745032
-0.0799184
-0.0850557
-0.0898854
-0.0943796
-0.0985121
-0.102258
-0.105596
-0.108504
-0.110965
-0.112963
-0.114483
-0.115515
-0.116051
-0.116083
-0.115608
-0.114625
-0.113135
-0.111143
-0.108655
-0.10568
-0.102229
-0.098317
-0.0939598
-0.089176
-0.0839863
-0.0784133
-0.072482
-0.0662187
-0.0596517
-0.0528107
-0.0457268
-0.0384324
-0.030961
-0.0233468
-0.0156249
-0.0078309
-7.60955e-07
0.00782938
0.0156234
0.0233453
0.0309595
0.038431
0.0457254
0.0528093
0.0596504
0.0662175
0.0724808
0.0784122
0.0839852
0.089175
0.0939589
0.0983162
0.102228
0.105679
0.108654
0.111143
0.113135
0.114624
0.115608
0.116083
0.116051
0.115515
0.114483
0.112963
0.110965
0.108505
0.105596
0.102259
0.0985128
0.0943805
0.0898863
0.0850567
0.0799195
0.0745042
0.0688419
0.0629647
0.0569058
0.0506994
0.0443804
0.0379843
0.0315469
0.0251044
0.0186928
0.012348
0.00610559
5.9047e-07
-0.00593265
-0.0116607
-0.0171511
-0.0223727
-0.0272957
-0.0318917
-0.0361342
-0.0399984
-0.0434613
-0.046502
-0.049102
-0.0512447
-0.0529161
-0.0541043
-0.0548002
-0.054997
-0.0546905
-0.0538791
-0.0525636
-0.0507477
-0.0484373
-0.045641
-0.0423699
-0.0386374
-0.0344593
-0.0298538
-0.0248412
-0.0194437
-0.0136858
-0.00759346
-0.00119471
0.00548106
0.012403
0.019539
0.0268558
0.0343192
0.0418944
0.0495459
0.0572377
0.0649338
0.072598
0.0801943
0.087687
0.095041
0.102222
0.109196
0.11593
0.122394
0.128557
0.134391
0.139868
0.144964
0.149656
0.153922
0.157744
0.161104
0.163989
0.166386
0.168286
0.169682
0.170569
0.170945
0.170811
0.17017
0.169027
0.167392
0.165275
0.162688
0.159648
0.156172
0.152281
0.147996
0.143341
0.138343
0.133029
0.127429
0.121572
0.115491
0.10922
0.102791
0.09624
0.0896023
0.0829135
0.0762099
0.0695274
0.062902
0.0563695
0.0499649
0.0437228
0.0376768
0.0318596
0.0263027
0.0210361
0.0160885
0.0114869
0.00725648
0.00342052
3.19949e-07
-0.00298497
-0.00551842
-0.00758543
-0.00917379
-0.0102737
-0.0108779
-0.0109818
-0.010583
-0.00968198
-0.00828178
-0.00638788
-0.00400834
-0.00115371
0.00216305
0.00592659
0.0101193
0.0147213
0.0197107
0.0250635
0.0307541
0.0367548
0.0430365
0.0495687
0.0563195
0.0632558
0.0703439
0.0775488
0.0848352
0.0921673
0.0995091
0.106824
0.114077
0.121232
0.128252
0.135105
0.141756
0.148172
0.154322
0.160175
0.165703
0.170878
0.175675
0.180071
0.184044
0.187574
0.190644
0.19324
0.195349
0.196961
0.198069
0.198667
0.198753
0.198327
0.197391
0.195952
0.194017
0.191596
0.188701
0.185349
0.181556
0.177341
0.172728
0.167738
0.162399
0.156736
0.15078
0.144561
0.13811
0.13146
0.124645
0.1177
0.11066
0.103561
0.0964389
0.0893296
0.0822694
0.0752939
0.0684385
0.0617379
0.0552259
0.0489354
0.0428982
0.0371446
0.0317036
0.0266027
0.0218672
0.0175211
0.013586
0.0100814
0.00702488
0.00443143
0.00231379
0.000682263
-0.000455371
-0.00109385
-0.00123045
-0.000865065
-1.13116e-07
0.0013594
0.00320596
0.00552952
0.00831763
0.0115554
0.0152257
0.0193092
0.0237843
0.0286276
0.0338136
0.0393152
0.0451036
0.0511485
0.0574183
0.0638803
0.0705006
0.0772448
0.0840776
0.0909632
0.0978656
0.104749
0.111577
0.118313
0.124924
0.131373
0.137627
0.143653
0.149419
0.154894
0.16005
0.164859
0.169295
0.173334
0.176955
0.180137
0.182864
0.185119
0.186889
0.188165
0.188938
0.189203
0.188956
0.188198
0.18693
0.185158
0.182888
0.180131
0.176899
0.173205
0.169069
0.164507
0.159543
0.154198
0.148499
0.142472
0.136147
0.129552
0.122721
0.115684
0.108477
0.101134
0.0936892
0.0861792
0.0786397
0.071107
0.0636171
0.0562059
0.0489088
0.0417606
0.0347955
0.0280465
0.0215456
0.0153235
0.00940961
0.0038315
-0.00138481
-0.0062152
-0.0106375
-0.0146317
-0.01818
-0.0212666
-0.0238785
-0.0260047
-0.0276371
-0.0287698
-0.0293995
-0.0295256
-0.02915
-0.0282772
-0.0269141
-0.0250703
-0.0227578
-0.0199909
-0.0167862
-0.0131628
-0.00914166
-0.00474589
-5.0785e-07
0.00506768
0.0104302
0.0160571
0.0219171
0.0279776
0.0342051
0.0405652
0.0470227
0.053542
0.0600872
0.0666223
0.073111
0.0795177
0.0858069
0.0919437
0.097894
0.103625
0.109104
0.1143
0.119185
0.12373
0.127909
0.131698
0.135075
0.138019
0.140513
0.14254
0.144088
0.145145
0.145702
0.145754
0.145298
0.144332
0.142859
0.140881
0.138407
0.135446
0.132009
0.12811
0.123767
0.118997
0.113822
0.108265
0.10235
0.0961047
0.0895569
0.0827366
0.0756751
0.0684048
0.0609593
0.0533729
0.0456808
0.0379187
0.0301224
0.0223282
0.0145721
0.00689015
-0.00068215
-0.00810981
-0.0153586
-0.0223952
-0.0291873
-0.035704
-0.0419157
-0.0477943
-0.0533135
-0.0584487
-0.0631774
-0.0674792
-0.0713356
-0.0747306
-0.0776506
-0.0800842
-0.0820226
-0.0834595
-0.084391
-0.0848161
-0.0847361
-0.084155
-0.0830792
-0.0815178
-0.0794821
-0.0769862
-0.0740461
-0.0706805
-0.0669099
-0.0627569
-0.0582464
-0.0534046
-0.0482597
-0.0428414
-0.0371808
-0.03131
-0.0252626
-0.0190727
-0.0127754
-0.00640607
-6.74483e-07
0.00640472
0.0127741
0.0190714
0.0252613
0.0313088
0.0371795
0.0428402
0.0482586
0.0534035
0.0582454
0.062756
0.066909
0.0706797
0.0740455
0.0769856
0.0794816
0.0815174
0.0830789
0.0841548
0.0847361
0.0848162
0.0843912
0.0834597
0.0820229
0.0800847
0.0776512
0.0747313
0.0713364
0.06748
0.0631784
0.0584497
0.0533146
0.0477955
0.041917
0.0357054
0.0291887
0.0223966
0.0153601
0.00811136
0.000683729
-0.00688854
-0.0145705
-0.0223265
-0.0301207
-0.037917
-0.0456792
-0.0533713
-0.0609577
-0.0684032
-0.0756736
-0.0827352
-0.0895555
-0.0961034
-0.102349
-0.108264
-0.113821
-0.118996
-0.123766
-0.128109
-0.132008
-0.135445
-0.138407
-0.140881
-0.142858
-0.144332
-0.145298
-0.145754
-0.145702
-0.145145
-0.144088
-0.14254
-0.140513
-0.13802
-0.135076
-0.131699
-0.12791
-0.123731
-0.119186
-0.114301
-0.109105
-0.103626
-0.0978952
-0.0919449
-0.0858082
-0.0795191
-0.0731124
-0.0666236
-0.0600886
-0.0535434
-0.047024
-0.0405665
-0.0342064
-0.0279789
-0.0219184
-0.0160583
-0.0104314
-0.00506878
-5.25518e-07
0.00474493
0.00914077
0.013162
0.0167855
0.0199902
0.0227572
0.0250699
0.0269138
0.0282769
0.0291499
0.0295256
0.0293995
0.0287699
0.0276374
0.0260051
0.023879
0.0212672
0.0181807
0.0146325
0.0106384
0.00621618
0.00138587
-0.00383037
-0.0094084
-0.0153223
-0.0215443
-0.0280451
-0.034794
-0.0417591
-0.0489072
-0.0562043
-0.0636155
-0.0711054
-0.0786381
-0.0861776
-0.0936876
-0.101132
-0.108476
-0.115683
-0.122719
-0.129551
-0.136145
-0.142471
-0.148498
-0.154197
-0.159542
-0.164506
-0.169068
-0.173205
-0.176898
-0.180131
-0.182888
-0.185158
-0.18693
-0.188198
-0.188956
-0.189203
-0.188938
-0.188165
-0.18689
-0.185119
-0.182864
-0.180138
-0.176956
-0.173335
-0.169296
-0.16486
-0.160051
-0.154895
-0.14942
-0.143654
-0.137628
-0.131374
-0.124925
-0.118315
-0.111578
-0.10475
-0.0978671
-0.0909646
-0.084079
-0.0772463
-0.0705021
-0.0638816
-0.0574196
-0.0511498
-0.0451048
-0.0393164
-0.0338147
-0.0286287
-0.0237853
-0.0193101
-0.0152266
-0.0115561
-0.00831826
-0.00553006
-0.0032064
-0.00135974
-1.2113e-07
0.000864936
0.00123043
0.00109393
0.000455558
-0.000681971
-0.0023134
-0.00443093
-0.00702428
-0.0100807
-0.0135852
-0.0175202
-0.0218663
-0.0266016
-0.0317025
-0.0371434
-0.0428969
-0.0489341
-0.0552245
-0.0617365
-0.0684371
-0.0752924
-0.0822679
-0.0893282
-0.0964374
-0.10356
-0.110659
-0.117699
-0.124644
-0.131459
-0.138109
-0.14456
-0.150779
-0.156735
-0.162398
-0.167737
-0.172727
-0.17734
-0.181555
-0.185348
-0.188701
-0.191595
-0.194016
-0.195952
-0.197391
-0.198326
-0.198753
-0.198667
-0.198069
-0.196962
-0.19535
-0.193241
-0.190645
-0.187575
-0.184044
-0.180072
-0.175676
-0.170879
-0.165704
-0.160176
-0.154323
-0.148174
-0.141757
-0.135107
-0.128254
-0.121233
-0.114079
-0.106826
-0.0995106
-0.0921689
-0.0848368
-0.0775503
-0.0703454
-0.0632573
-0.0563209
-0.0495701
-0.0430378
-0.036756
-0.0307553
-0.0250647
-0.0197118
-0.0147223
-0.0101202
-0.00592743
-0.0021638
0.00115306
0.00400779
0.00638743
0.00828143
0.00968174
0.0105828
0.0109817
0.010878
0.0102739
0.00917407
0.00758582
0.0055189
0.00298555
3.54533e-07
-0.00341975
-0.00725563
-0.011486
-0.0160875
-0.0210351
-0.0263016
-0.0318584
-0.0376756
-0.0437215
-0.0499635
-0.0563681
-0.0629006
-0.069526
-0.0762085
-0.0829121
-0.0896009
-0.0962386
-0.10279
-0.109218
-0.11549
-0.121571
-0.127428
-0.133028
-0.138342
-0.14334
-0.147995
-0.15228
-0.156172
-0.159647
-0.162687
-0.165274
-0.167392
-0.169027
-0.170169
-0.170811
-0.170945
-0.170569
-0.169682
-0.168287
-0.166387
-0.16399
-0.161105
-0.157745
-0.153923
-0.149657
-0.144965
-0.139869
-0.134392
-0.128558
-0.122395
-0.115932
-0.109197
-0.102223
-0.0950425
-0.0876886
-0.0801959
-0.0725996
-0.0649354
-0.0572394
-0.0495475
-0.041896
-0.0343208
-0.0268573
-0.0195405
-0.0124045
-0.0054825
0.00119333
0.00759215
0.0136845
0.0194425
0.0248401
0.0298528
0.0344584
0.0386365
0.0423691
0.0456403
0.0484367
0.0507473
0.0525633
0.0538789
0.0546904
0.054997
0.0548003
0.0541045
0.0529164
0.0512451
0.0491025
0.0465026
0.043462
0.0399992
0.0361351
0.0318927
0.0272967
0.0223738
0.0171522
0.0116619
0.00593388
6.77143e-07
-0.00610429
-0.0123467
-0.0186915
-0.0251031
-0.0315456
-0.0379829
-0.044379
-0.050698
-0.0569045
-0.0629634
-0.0688407
-0.0745031
-0.0799184
-0.0850556
-0.0898853
-0.0943796
-0.098512
-0.102258
-0.105596
-0.108504
-0.110965
-0.112963
-0.114483
-0.115515
-0.116051
-0.116083
-0.115608
-0.114625
-0.113135
-0.111143
-0.108655
-0.10568
-0.102229
-0.0983171
-0.0939599
-0.0891761
-0.0839863
-0.0784134
-0.0724821
-0.0662188
-0.0596518
-0.0528108
-0.0457269
-0.0384325
-0.0309611
-0.0233469
-0.015625
-0.00783103
-8.87781e-07
0.00782926
0.0156233
0.0233452
0.0309594
0.0384309
0.0457253
0.0528092
0.0596503
0.0662173
0.0724807
0.0784121
0.0839851
0.0891749
0.0939589
0.0983161
0.102228
0.105679
0.108654
0.111142
0.113135
0.114624
0.115608
0.116083
0.116051
0.115516
0.114483
0.112963
0.110965
0.108505
0.105596
0.102259
0.0985129
0.0943805
0.0898864
0.0850568
0.0799196
0.0745043
0.068842
0.0629648
0.0569059
0.0506995
0.0443805
0.0379844
0.031547
0.0251045
0.0186929
0.0123481
0.00610569
6.87979e-07
-0.00593256
-0.0116606
-0.017151
-0.0223726
-0.0272956
-0.0318917
-0.0361342
-0.0399983
-0.0434612
-0.046502
-0.049102
-0.0512447
-0.0529161
-0.0541043
-0.0548002
-0.054997
-0.0546905
-0.0538791
-0.0525637
-0.0507477
-0.0484373
-0.045641
-0.0423699
-0.0386374
-0.0344594
-0.0298539
-0.0248413
-0.0194438
-0.0136858
-0.00759356
-0.00119481
0.00548095
0.0124029
0.0195389
0.0268556
0.0343191
0.0418943
0.0495458
0.0572376
0.0649337
0.0725979
0.0801942
0.0876869
0.0950409
0.102222
0.109196
0.11593
0.122394
0.128557
0.13439
0.139868
0.144964
0.149656
0.153922
0.157744
0.161104
0.163989
0.166386
0.168286
0.169682
0.170569
0.170945
0.170811
0.17017
0.169027
0.167392
0.165275
0.162688
0.159648
0.156172
0.152281
0.147996
0.143342
0.138344
0.13303
0.127429
0.121572
0.115491
0.10922
0.102791
0.0962401
0.0896024
0.0829136
0.07621
0.0695275
0.0629021
0.0563696
0.049965
0.0437229
0.0376769
0.0318597
0.0263028
0.0210362
0.0160886
0.011487
0.00725654
0.00342058
3.71833e-07
-0.00298492
-0.00551838
-0.0075854
-0.00917376
-0.0102737
-0.0108779
-0.0109818
-0.010583
-0.009682
-0.0082818
-0.00638791
-0.00400838
-0.00115376
0.00216299
0.00592652
0.0101192
0.0147212
0.0197106
0.0250634
0.030754
0.0367547
0.0430364
0.0495686
0.0563193
0.0632557
0.0703438
0.0775487
0.0848351
0.0921672
0.099509
0.106824
0.114077
0.121231
0.128252
0.135105
0.141756
0.148172
0.154322
0.160175
0.165703
0.170878
0.175675
0.180071
0.184044
0.187574
0.190644
0.19324
0.195349
0.196961
0.198069
0.198667
0.198753
0.198327
0.197391
0.195952
0.194017
0.191596
0.188701
0.185349
0.181556
0.177341
0.172728
0.167738
0.162399
0.156737
0.150781
0.144561
0.13811
0.13146
0.124645
0.1177
0.11066
0.103561
0.0964391
0.0893298
0.0822695
0.075294
0.0684386
0.061738
0.055226
0.0489355
0.0428983
0.0371447
0.0317037
0.0266027
0.0218673
0.0175212
0.013586
0.0100815
0.00702492
0.00443146
0.00231382
0.000682285
-0.000455357
-0.00109384
-0.00123046
-0.000865075
-1.31134e-07
0.00135938
0.00320593
0.00552948
0.00831758
0.0115554
0.0152257
0.0193091
0.0237843
0.0286275
0.0338135
0.0393151
0.0451035
0.0511484
0.0574182
0.0638802
0.0705005
0.0772447
0.0840775
0.0909631
0.0978655
0.104749
0.111577
0.118313
0.124924
0.131373
0.137627
0.143653
0.149419
0.154894
0.16005
0.164859
0.169295
0.173334
0.176955
0.180137
0.182864
0.185119
0.186889
0.188165
0.188938
0.189203
0.188956
0.188198
0.18693
0.185158
0.182888
0.180131
0.176899
0.173206
0.169069
0.164507
0.159543
0.154198
0.148499
0.142472
0.136147
0.129553
0.122721
0.115685
0.108477
0.101134
0.0936893
0.0861793
0.0786398
0.0711071
0.0636172
0.056206
0.0489089
0.0417607
0.0347956
0.0280466
0.0215457
0.0153236
0.00940971
0.00383159
-0.00138473
-0.00621513
-0.0106375
-0.0146317
-0.0181799
-0.0212666
-0.0238784
-0.0260047
-0.0276371
-0.0287697
-0.0293995
-0.0295256
-0.02915
-0.0282772
-0.0269141
-0.0250703
-0.0227578
-0.0199909
-0.0167863
-0.0131629
-0.00914173
-0.00474596
-5.87339e-07
0.0050676
0.0104301
0.016057
0.021917
0.0279775
0.034205
0.0405651
0.0470226
0.0535419
0.0600871
0.0666222
0.0731109
0.0795176
0.0858068
0.0919436
0.0978939
0.103625
0.109104
0.1143
0.119185
0.12373
0.127909
0.131698
0.135075
0.138019
0.140513
0.14254
0.144088
0.145145
0.145702
0.145754
0.145298
0.144332
0.142859
0.140881
0.138407
0.135446
0.132009
0.12811
0.123767
0.118997
0.113822
0.108265
0.10235
0.0961048
0.089557
0.0827367
0.0756752
0.0684049
0.0609594
0.053373
0.045681
0.0379188
0.0301225
0.0223283
0.0145722
0.00689027
-0.000682028
-0.0081097
-0.0153585
-0.0223951
-0.0291872
-0.0357039
-0.0419156
-0.0477942
-0.0533134
-0.0584486
-0.0631773
-0.0674791
-0.0713355
-0.0747306
-0.0776506
-0.0800842
-0.0820226
-0.0834594
-0.084391
-0.0848161
-0.0847362
-0.084155
-0.0830792
-0.0815178
-0.0794822
-0.0769862
-0.0740462
-0.0706805
-0.0669099
-0.062757
-0.0582464
-0.0534046
-0.0482598
-0.0428415
-0.0371808
-0.0313101
-0.0252627
-0.0190728
-0.0127755
-0.00640617
-7.7825e-07
0.00640462
0.012774
0.0190713
0.0252612
0.0313087
0.0371794
0.0428401
0.0482585
0.0534034
0.0582453
0.062756
0.066909
0.0706797
0.0740454
0.0769856
0.0794816
0.0815173
0.0830789
0.0841548
0.0847361
0.0848162
0.0843912
0.0834597
0.082023
0.0800847
0.0776512
0.0747314
0.0713364
0.0674801
0.0631784
0.0584498
0.0533147
0.0477956
0.0419171
0.0357055
0.0291888
0.0223968
0.0153602
0.00811148
0.00068385
-0.00688842
-0.0145703
-0.0223264
-0.0301206
-0.0379169
-0.0456791
-0.0533712
-0.0609576
-0.0684031
-0.0756735
-0.082735
-0.0895554
-0.0961033
-0.102349
-0.108264
-0.113821
-0.118996
-0.123766
-0.128109
-0.132008
-0.135445
-0.138407
-0.140881
-0.142858
-0.144332
-0.145298
-0.145754
-0.145702
-0.145145
-0.144088
-0.142541
-0.140513
-0.13802
-0.135076
-0.131699
-0.12791
-0.123731
-0.119186
-0.114301
-0.109105
-0.103626
-0.0978953
-0.091945
-0.0858083
-0.0795192
-0.0731125
-0.0666237
-0.0600887
-0.0535435
-0.0470241
-0.0405666
-0.0342065
-0.027979
-0.0219185
-0.0160584
-0.0104315
-0.00506886
-6.05008e-07
0.00474485
0.0091407
0.0131619
0.0167854
0.0199902
0.0227572
0.0250698
0.0269137
0.0282769
0.0291498
0.0295256
0.0293996
0.0287699
0.0276374
0.0260052
0.023879
0.0212673
0.0181807
0.0146326
0.0106385
0.00621625
0.00138595
-0.00383028
-0.00940831
-0.0153222
-0.0215441
-0.028045
-0.0347939
-0.041759
-0.0489071
-0.0562042
-0.0636154
-0.0711053
-0.078638
-0.0861775
-0.0936875
-0.101132
-0.108476
-0.115683
-0.122719
-0.129551
-0.136145
-0.142471
-0.148498
-0.154197
-0.159541
-0.164506
-0.169068
-0.173205
-0.176898
-0.18013
-0.182888
-0.185158
-0.18693
-0.188198
-0.188956
-0.189203
-0.188938
-0.188165
-0.18689
-0.185119
-0.182864
-0.180138
-0.176956
-0.173335
-0.169296
-0.16486
-0.160051
-0.154896
-0.14942
-0.143654
-0.137628
-0.131374
-0.124925
-0.118315
-0.111578
-0.10475
-0.0978672
-0.0909648
-0.0840791
-0.0772464
-0.0705022
-0.0638818
-0.0574197
-0.0511499
-0.0451049
-0.0393165
-0.0338148
-0.0286287
-0.0237854
-0.0193102
-0.0152266
-0.0115562
-0.00831831
-0.0055301
-0.00320643
-0.00135977
-1.3915e-07
0.000864926
0.00123043
0.00109393
0.000455572
-0.000681949
-0.00231337
-0.00443089
-0.00702424
-0.0100807
-0.0135851
-0.0175202
-0.0218662
-0.0266015
-0.0317024
-0.0371433
-0.0428968
-0.048934
-0.0552244
-0.0617364
-0.068437
-0.0752923
-0.0822678
-0.089328
-0.0964373
-0.10356
-0.110659
-0.117699
-0.124644
-0.131459
-0.138108
-0.14456
-0.150779
-0.156735
-0.162397
-0.167737
-0.172726
-0.17734
-0.181555
-0.185348
-0.188701
-0.191595
-0.194016
-0.195952
-0.197391
-0.198326
-0.198753
-0.198667
-0.198069
-0.196962
-0.19535
-0.193241
-0.190645
-0.187575
-0.184045
-0.180072
-0.175677
-0.170879
-0.165704
-0.160177
-0.154323
-0.148174
-0.141758
-0.135107
-0.128254
-0.121233
-0.114079
-0.106826
-0.0995108
-0.092169
-0.0848369
-0.0775504
-0.0703455
-0.0632574
-0.056321
-0.0495702
-0.0430379
-0.0367561
-0.0307554
-0.0250648
-0.0197118
-0.0147224
-0.0101203
-0.00592749
-0.00216385
0.00115301
0.00400775
0.00638739
0.0082814
0.00968172
0.0105828
0.0109817
0.010878
0.0102739
0.00917409
0.00758585
0.00551894
0.00298559
4.06416e-07
-0.00341969
-0.00725556
-0.0114859
-0.0160875
-0.021035
-0.0263015
-0.0318584
-0.0376755
-0.0437214
-0.0499634
-0.056368
-0.0629005
-0.0695259
-0.0762084
-0.082912
-0.0896007
-0.0962385
-0.102789
-0.109218
-0.11549
-0.121571
-0.127427
-0.133028
-0.138342
-0.14334
-0.147995
-0.15228
-0.156171
-0.159647
-0.162687
-0.165274
-0.167392
-0.169027
-0.170169
-0.170811
-0.170945
-0.170569
-0.169682
-0.168287
-0.166387
-0.16399
-0.161105
-0.157745
-0.153923
-0.149657
-0.144965
-0.139869
-0.134392
-0.128558
-0.122395
-0.115932
-0.109197
-0.102223
-0.0950427
-0.0876887
-0.080196
-0.0725997
-0.0649356
-0.0572395
-0.0495476
-0.0418961
-0.0343209
-0.0268574
-0.0195406
-0.0124046
-0.00548261
0.00119323
0.00759204
0.0136844
0.0194425
0.02484
0.0298527
0.0344583
0.0386365
0.0423691
0.0456403
0.0484367
0.0507472
0.0525633
0.0538789
0.0546904
0.054997
0.0548003
0.0541045
0.0529164
0.0512452
0.0491026
0.0465027
0.043462
0.0399992
0.0361352
0.0318927
0.0272968
0.0223738
0.0171523
0.011662
0.00593397
7.74651e-07
-0.00610419
-0.0123466
-0.0186914
-0.025103
-0.0315455
-0.0379828
-0.0443789
-0.0506979
-0.0569044
-0.0629633
-0.0688406
-0.074503
-0.0799183
-0.0850555
-0.0898853
-0.0943795
-0.0985119
-0.102258
-0.105596
-0.108504
-0.110965
-0.112962
-0.114483
-0.115515
-0.116051
-0.116083
-0.115608
-0.114625
-0.113135
-0.111143
-0.108655
-0.10568
-0.102229
-0.0983172
-0.09396
-0.0891762
-0.0839864
-0.0784135
-0.0724822
-0.0662189
-0.0596519
-0.0528109
-0.045727
-0.0384327
-0.0309612
-0.023347
-0.0156251
-0.00783115
-1.01461e-06
0.00782913
0.0156231
0.023345
0.0309593
0.0384307
0.0457252
0.0528091
0.0596502
0.0662172
0.0724806
0.078412
0.083985
0.0891749
0.0939588
0.0983161
0.102228
0.105679
0.108654
0.111142
0.113135
0.114624
0.115608
0.116083
0.116051
0.115516
0.114483
0.112963
0.110965
0.108505
0.105596
0.102259
0.0985129
0.0943806
0.0898865
0.0850568
0.0799196
0.0745044
0.0688421
0.0629649
0.056906
0.0506996
0.0443806
0.0379845
0.0315472
0.0251046
0.018693
0.0123482
0.00610579
7.85488e-07
-0.00593246
-0.0116605
-0.0171509
-0.0223725
-0.0272955
-0.0318916
-0.0361341
-0.0399983
-0.0434612
-0.046502
-0.0491019
-0.0512447
-0.052916
-0.0541043
-0.0548002
-0.054997
-0.0546906
-0.0538791
-0.0525637
-0.0507478
-0.0484374
-0.0456411
-0.04237
-0.0386375
-0.0344595
-0.029854
-0.0248414
-0.0194439
-0.0136859
-0.00759366
-0.00119492
0.00548084
0.0124028
0.0195387
0.0268555
0.034319
0.0418942
0.0495456
0.0572375
0.0649336
0.0725978
0.0801941
0.0876868
0.0950408
0.102222
0.109195
0.11593
0.122394
0.128557
0.13439
0.139868
0.144964
0.149656
0.153922
0.157744
0.161104
0.163989
0.166386
0.168286
0.169682
0.170569
0.170945
0.170811
0.17017
0.169027
0.167392
0.165275
0.162688
0.159648
0.156172
0.152281
0.147996
0.143342
0.138344
0.13303
0.127429
0.121572
0.115492
0.10922
0.102791
0.0962402
0.0896025
0.0829138
0.0762101
0.0695276
0.0629022
0.0563697
0.0499651
0.043723
0.037677
0.0318598
0.0263029
0.0210363
0.0160887
0.0114871
0.00725661
0.00342063
4.23717e-07
-0.00298488
-0.00551834
-0.00758537
-0.00917374
-0.0102737
-0.0108779
-0.0109818
-0.010583
-0.00968202
-0.00828183
-0.00638795
-0.00400843
-0.00115381
0.00216294
0.00592646
0.0101191
0.0147211
0.0197105
0.0250633
0.0307539
0.0367546
0.0430363
0.0495685
0.0563192
0.0632556
0.0703436
0.0775486
0.084835
0.0921671
0.0995089
0.106824
0.114077
0.121231
0.128252
0.135105
0.141756
0.148172
0.154322
0.160175
0.165703
0.170878
0.175675
0.180071
0.184044
0.187574
0.190644
0.19324
0.195349
0.196961
0.198069
0.198667
0.198753
0.198327
0.197391
0.195952
0.194017
0.191596
0.188701
0.185349
0.181556
0.177341
0.172728
0.167738
0.162399
0.156737
0.150781
0.144561
0.13811
0.13146
0.124646
0.117701
0.110661
0.103561
0.0964392
0.0893299
0.0822696
0.0752941
0.0684387
0.0617381
0.0552261
0.0489356
0.0428983
0.0371448
0.0317038
0.0266028
0.0218674
0.0175212
0.0135861
0.0100815
0.00702497
0.0044315
0.00231385
0.000682308
-0.000455342
-0.00109383
-0.00123046
-0.000865085
-1.49152e-07
0.00135935
0.00320589
0.00552944
0.00831753
0.0115553
0.0152256
0.0193091
0.0237842
0.0286274
0.0338134
0.039315
0.0451034
0.0511483
0.0574181
0.0638801
0.0705004
0.0772446
0.0840774
0.090963
0.0978654
0.104749
0.111576
0.118313
0.124924
0.131373
0.137627
0.143653
0.149419
0.154894
0.16005
0.164859
0.169295
0.173334
0.176955
0.180137
0.182864
0.185119
0.186889
0.188165
0.188938
0.189203
0.188956
0.188198
0.18693
0.185158
0.182888
0.180131
0.176899
0.173206
0.169069
0.164507
0.159543
0.154198
0.148499
0.142473
0.136147
0.129553
0.122721
0.115685
0.108478
0.101134
0.0936895
0.0861794
0.0786399
0.0711072
0.0636173
0.0562061
0.048909
0.0417608
0.0347957
0.0280467
0.0215458
0.0153237
0.0094098
0.00383168
-0.00138465
-0.00621505
-0.0106374
-0.0146316
-0.0181799
-0.0212665
-0.0238784
-0.0260047
-0.027637
-0.0287697
-0.0293995
-0.0295256
-0.02915
-0.0282772
-0.0269141
-0.0250704
-0.0227579
-0.019991
-0.0167863
-0.0131629
-0.00914179
-0.00474604
-6.66828e-07
0.00506751
0.01043
0.016057
0.0219169
0.0279774
0.0342049
0.040565
0.0470225
0.0535418
0.060087
0.0666221
0.0731108
0.0795175
0.0858067
0.0919435
0.0978938
0.103624
0.109103
0.1143
0.119185
0.12373
0.127909
0.131698
0.135075
0.138019
0.140513
0.14254
0.144088
0.145145
0.145702
0.145754
0.145298
0.144332
0.142859
0.140881
0.138407
0.135446
0.132009
0.12811
0.123767
0.118997
0.113822
0.108265
0.10235
0.0961049
0.0895571
0.0827368
0.0756753
0.068405
0.0609595
0.0533732
0.0456811
0.0379189
0.0301226
0.0223284
0.0145723
0.0068904
-0.000681907
-0.00810958
-0.0153584
-0.022395
-0.0291871
-0.0357038
-0.0419155
-0.0477941
-0.0533133
-0.0584485
-0.0631773
-0.067479
-0.0713355
-0.0747305
-0.0776505
-0.0800841
-0.0820225
-0.0834594
-0.084391
-0.0848161
-0.0847362
-0.084155
-0.0830793
-0.0815178
-0.0794822
-0.0769863
-0.0740462
-0.0706806
-0.06691
-0.0627571
-0.0582465
-0.0534047
-0.0482599
-0.0428416
-0.0371809
-0.0313102
-0.0252628
-0.0190729
-0.0127756
-0.00640628
-8.82016e-07
0.00640452
0.0127738
0.0190712
0.0252611
0.0313086
0.0371793
0.04284
0.0482584
0.0534033
0.0582452
0.0627559
0.0669089
0.0706796
0.0740454
0.0769855
0.0794816
0.0815173
0.0830789
0.0841548
0.0847361
0.0848162
0.0843912
0.0834597
0.082023
0.0800847
0.0776513
0.0747314
0.0713365
0.0674802
0.0631785
0.0584499
0.0533147
0.0477957
0.0419172
0.0357056
0.029189
0.0223969
0.0153603
0.0081116
0.000683972
-0.0068883
-0.0145702
-0.0223263
-0.0301205
-0.0379168
-0.045679
-0.0533711
-0.0609574
-0.068403
-0.0756733
-0.0827349
-0.0895553
-0.0961032
-0.102349
-0.108263
-0.113821
-0.118996
-0.123766
-0.128109
-0.132008
-0.135445
-0.138407
-0.140881
-0.142858
-0.144332
-0.145298
-0.145754
-0.145702
-0.145145
-0.144088
-0.142541
-0.140513
-0.13802
-0.135076
-0.131699
-0.12791
-0.123731
-0.119186
-0.114301
-0.109105
-0.103626
-0.0978954
-0.0919451
-0.0858084
-0.0795193
-0.0731126
-0.0666238
-0.0600888
-0.0535436
-0.0470242
-0.0405667
-0.0342066
-0.0279791
-0.0219186
-0.0160585
-0.0104316
-0.00506895
-6.84499e-07
0.00474478
0.00914063
0.0131619
0.0167854
0.0199901
0.0227572
0.0250698
0.0269137
0.0282769
0.0291498
0.0295256
0.0293996
0.02877
0.0276374
0.0260052
0.023879
0.0212673
0.0181808
0.0146327
0.0106386
0.00621633
0.00138603
-0.00383019
-0.00940822
-0.0153221
-0.021544
-0.0280449
-0.0347938
-0.0417589
-0.048907
-0.0562041
-0.0636153
-0.0711051
-0.0786379
-0.0861773
-0.0936874
-0.101132
-0.108476
-0.115683
-0.122719
-0.129551
-0.136145
-0.142471
-0.148498
-0.154197
-0.159541
-0.164506
-0.169068
-0.173205
-0.176898
-0.18013
-0.182888
-0.185158
-0.18693
-0.188198
-0.188956
-0.189203
-0.188938
-0.188165
-0.18689
-0.185119
-0.182864
-0.180138
-0.176956
-0.173335
-0.169296
-0.16486
-0.160051
-0.154896
-0.14942
-0.143654
-0.137628
-0.131374
-0.124925
-0.118315
-0.111578
-0.10475
-0.0978673
-0.0909649
-0.0840792
-0.0772465
-0.0705023
-0.0638819
-0.0574198
-0.05115
-0.045105
-0.0393166
-0.0338149
-0.0286288
-0.0237855
-0.0193102
-0.0152267
-0.0115563
-0.00831836
-0.00553014
-0.00320647
-0.00135979
-1.5717e-07
0.000864916
0.00123043
0.00109394
0.000455587
-0.000681926
-0.00231334
-0.00443085
-0.00702419
-0.0100806
-0.0135851
-0.0175201
-0.0218661
-0.0266015
-0.0317024
-0.0371432
-0.0428967
-0.0489339
-0.0552243
-0.0617363
-0.0684368
-0.0752922
-0.0822677
-0.0893279
-0.0964372
-0.10356
-0.110659
-0.117699
-0.124644
-0.131458
-0.138108
-0.14456
-0.150779
-0.156735
-0.162397
-0.167737
-0.172726
-0.17734
-0.181555
-0.185348
-0.1887
-0.191595
-0.194016
-0.195952
-0.197391
-0.198326
-0.198753
-0.198667
-0.198069
-0.196962
-0.19535
-0.193241
-0.190645
-0.187575
-0.184045
-0.180072
-0.175677
-0.17088
-0.165704
-0.160177
-0.154324
-0.148174
-0.141758
-0.135107
-0.128254
-0.121233
-0.114079
-0.106826
-0.0995109
-0.0921691
-0.084837
-0.0775506
-0.0703456
-0.0632576
-0.0563211
-0.0495703
-0.043038
-0.0367562
-0.0307555
-0.0250649
-0.0197119
-0.0147224
-0.0101203
-0.00592755
-0.00216391
0.00115296
0.00400771
0.00638736
0.00828138
0.0096817
0.0105828
0.0109817
0.010878
0.0102739
0.00917411
0.00758587
0.00551898
0.00298564
4.58298e-07
-0.00341964
-0.0072555
-0.0114858
-0.0160874
-0.0210349
-0.0263014
-0.0318583
-0.0376754
-0.0437213
-0.0499633
-0.0563679
-0.0629004
-0.0695258
-0.0762083
-0.0829119
-0.0896006
-0.0962384
-0.102789
-0.109218
-0.11549
-0.121571
-0.127427
-0.133028
-0.138342
-0.14334
-0.147995
-0.15228
-0.156171
-0.159647
-0.162687
-0.165274
-0.167392
-0.169027
-0.170169
-0.170811
-0.170945
-0.170569
-0.169682
-0.168287
-0.166387
-0.16399
-0.161105
-0.157745
-0.153923
-0.149657
-0.144965
-0.139869
-0.134392
-0.128558
-0.122396
-0.115932
-0.109197
-0.102223
-0.0950428
-0.0876888
-0.0801961
-0.0725999
-0.0649357
-0.0572396
-0.0495478
-0.0418963
-0.034321
-0.0268576
-0.0195407
-0.0124047
-0.00548272
0.00119312
0.00759194
0.0136843
0.0194424
0.0248399
0.0298527
0.0344583
0.0386364
0.042369
0.0456402
0.0484367
0.0507472
0.0525633
0.0538788
0.0546904
0.054997
0.0548003
0.0541046
0.0529164
0.0512452
0.0491026
0.0465027
0.0434621
0.0399993
0.0361352
0.0318928
0.0272968
0.0223739
0.0171524
0.011662
0.00593407
8.7216e-07
-0.00610409
-0.0123465
-0.0186913
-0.0251029
-0.0315454
-0.0379827
-0.0443788
-0.0506978
-0.0569043
-0.0629632
-0.0688405
-0.0745029
-0.0799182
-0.0850555
-0.0898852
-0.0943794
-0.0985119
-0.102258
-0.105596
-0.108504
-0.110965
-0.112962
-0.114483
-0.115515
-0.116051
-0.116083
-0.115608
-0.114625
-0.113135
-0.111143
-0.108655
-0.10568
-0.102229
-0.0983172
-0.09396
-0.0891762
-0.0839865
-0.0784136
-0.0724823
-0.066219
-0.059652
-0.052811
-0.0457271
-0.0384328
-0.0309613
-0.0233472
-0.0156253
-0.00783128
-1.14143e-06
0.007829
0.015623
0.0233449
0.0309591
0.0384306
0.045725
0.052809
0.05965
0.0662171
0.0724805
0.078412
0.0839849
0.0891748
0.0939587
0.098316
0.102228
0.105679
0.108654
0.111142
0.113135
0.114624
0.115608
0.116083
0.116051
0.115516
0.114483
0.112963
0.110966
0.108505
0.105596
0.102259
0.098513
0.0943807
0.0898866
0.0850569
0.0799197
0.0745045
0.0688422
0.062965
0.0569061
0.0506997
0.0443807
0.0379846
0.0315473
0.0251047
0.0186931
0.0123483
0.00610589
8.82997e-07
-0.00593237
-0.0116604
-0.0171508
-0.0223724
-0.0272954
-0.0318915
-0.036134
-0.0399982
-0.0434611
-0.0465019
-0.0491019
-0.0512446
-0.052916
-0.0541043
-0.0548002
-0.054997
-0.0546906
-0.0538791
-0.0525637
-0.0507478
-0.0484374
-0.0456411
-0.04237
-0.0386375
-0.0344595
-0.0298541
-0.0248414
-0.019444
-0.013686
-0.00759376
-0.00119503
0.00548073
0.0124027
0.0195386
0.0268554
0.0343188
0.0418941
0.0495455
0.0572374
0.0649334
0.0725976
0.0801939
0.0876867
0.0950407
0.102221
0.109195
0.11593
0.122394
0.128557
0.13439
0.139868
0.144964
0.149656
0.153922
0.157744
0.161104
0.163989
0.166386
0.168286
0.169682
0.170569
0.170945
0.170811
0.17017
0.169027
0.167392
0.165275
0.162688
0.159648
0.156172
0.152281
0.147996
0.143342
0.138344
0.13303
0.127429
0.121572
0.115492
0.10922
0.102791
0.0962403
0.0896026
0.0829139
0.0762102
0.0695277
0.0629023
0.0563698
0.0499652
0.0437231
0.0376771
0.0318599
0.026303
0.0210364
0.0160888
0.0114871
0.00725667
0.00342069
4.75602e-07
-0.00298483
-0.00551831
-0.00758534
-0.00917372
-0.0102737
-0.0108779
-0.0109818
-0.010583
-0.00968204
-0.00828186
-0.00638798
-0.00400847
-0.00115386
0.00216288
0.00592639
0.0101191
0.014721
0.0197104
0.0250633
0.0307538
0.0367545
0.0430362
0.0495683
0.0563191
0.0632555
0.0703435
0.0775484
0.0848349
0.092167
0.0995087
0.106824
0.114077
0.121231
0.128252
0.135105
0.141756
0.148172
0.154322
0.160175
0.165703
0.170878
0.175675
0.180071
0.184044
0.187574
0.190644
0.19324
0.195349
0.196961
0.198069
0.198667
0.198753
0.198327
0.197391
0.195952
0.194017
0.191596
0.188701
0.185349
0.181556
0.177341
0.172728
0.167738
0.162399
0.156737
0.150781
0.144561
0.13811
0.13146
0.124646
0.117701
0.110661
0.103562
0.0964393
0.08933
0.0822697
0.0752942
0.0684388
0.0617382
0.0552262
0.0489357
0.0428984
0.0371449
0.0317039
0.0266029
0.0218675
0.0175213
0.0135861
0.0100816
0.00702501
0.00443154
0.00231388
0.00068233
-0.000455328
-0.00109383
-0.00123046
-0.000865095
-1.6717e-07
0.00135933
0.00320586
0.0055294
0.00831748
0.0115552
0.0152255
0.019309
0.0237841
