0
0.000712373
0.00142471
0.00213698
0.00284913
0.00356114
0.00427297
0.00498459
0.00569595
0.00640702
0.00711777
0.00782815
0.00853814
0.0092477
0.00995678
0.0106654
0.0113734
0.0120809
0.0127877
0.0134939
0.0141994
0.0149042
0.0156083
0.0163115
0.0170139
0.0177155
0.0184161
0.0191159
0.0198146
0.0205124
0.0212091
0.0219047
0.0225992
0.0232926
0.0239848
0.0246757
0.0253655
0.0260539
0.026741
0.0274268
0.0281111
0.028794
0.0294755
0.0301555
0.0308339
0.0315108
0.0321861
0.0328598
0.0335317
0.034202
0.0348706
0.0355373
0.0362023
0.0368654
0.0375267
0.0381861
0.0388435
0.0394989
0.0401524
0.0408038
0.0414531
0.0421004
0.0427454
0.0433884
0.0440291
0.0446676
0.0453038
0.0459377
0.0465693
0.0471986
0.0478254
0.0484498
0.0490718
0.0496912
0.0503082
0.0509225
0.0515343
0.0521435
0.0527501
0.0533539
0.0539551
0.0545535
0.0551491
0.055742
0.056332
0.0569192
0.0575034
0.0580848
0.0586632
0.0592386
0.0598111
0.0603804
0.0609468
0.06151
0.0620701
0.0626271
0.0631808
0.0637314
0.0642788
0.0648228
0.0653636
0.0659011
0.0664352
0.066966
0.0674933
0.0680173
0.0685378
0.0690548
0.0695683
0.0700782
0.0705846
0.0710875
0.0715867
0.0720823
0.0725742
0.0730625
0.073547
0.0740278
0.0745049
0.0749781
0.0754476
0.0759132
0.076375
0.0768329
0.0772869
0.077737
0.0781831
0.0786253
