0
0.000712373
0.00142471
0.00213698
0.00284913
0.00356114
0.00427297
0.00498459
0.00569595
0.00640702
0.00711777
0.00782815
0.00853814
0.0092477
0.00995678
0.0106654
0.0113734
0.0120809
0.0127877
0.0134939
0.0141994
0.0149042
0.0156083
0.0163115
0.0170139
0.0177155
0.0184161
0.0191159
0.0198146
0.0205124
0.0212091
0.0219047
0.0225992
0.0232926
0.0239848
0.0246757
0.0253655
0.0260539
0.026741
0.0274268
0.0281111
0.028794
0.0294755
0.0301555
0.0308339
0.0315108
0.0321861
0.0328598
0.0335317
0.034202
0.0348706
0.0355373
0.0362023
0.0368654
0.0375267
0.0381861
0.0388435
0.0394989
0.0401524
0.0408038
0.0414531
0.0421004
0.0427454
0.0433884
0.0440291
0.0446676
0.0453038
0.0459377
0.0465693
0.0471986
0.0478254
0.0484498
0.0490718
0.0496912
0.0503082
0.0509225
0.0515343
0.0521435
0.0527501
0.0533539
0.0539551
0.0545535
0.0551491
0.055742
0.056332
0.0569192
0.0575034
0.0580848
0.0586632
0.0592386
0.0598111
0.0603804
0.0609468
0.06151
0.0620701
0.0626271
0.0631808
0.0637314
0.0642788
0.0648228
0.0653636
0.0659011
0.0664352
0.066966
0.0674933
0.0680173
0.0685378
0.0690548
0.0695683
0.0700782
0.0705846
0.0710875
0.0715867
0.0720823
0.0725742
0.0730625
0.073547
0.0740278
0.0745049
0.0749781
0.0754476
0.0759132
0.076375
0.0768329
0.0772869
0.077737
0.0781831
0.0786253
0.0790635
0.0794977
0.0799278
0.0803539
0.0807759
0.0811938
0.0816076
0.0820172
0.0824227
0.082824
0.0832211
0.083614
0.0840026
0.084387
0.084767
0.0851428
0.0855143
0.0858814
0.0862442
0.0866025
0.0869565
0.0873061
0.0876513
0.0879919
0.0883282
0.0886599
0.0889872
0.0893099
0.0896281
0.0899418
0.0902509
0.0905554
0.0908553
0.0911506
0.0914413
0.0917273
0.0920087
0.0922854
0.0925574
0.0928248
0.0930874
0.0933453
0.0935984
0.0938468
0.0940905
0.0943294
0.0945634
0.0947927
0.0950172
0.0952369
0.0954517
0.0956617
0.0958668
0.096067
0.0962624
0.0964529
0.0966385
0.0968192
0.096995
0.0971659
0.0973318
0.0974928
0.0976488
0.0977999
0.0979461
0.0980872
0.0982234
0.0983546
0.0984808
0.098602
0.0987182
0.0988294
0.0989355
0.0990367
0.0991328
0.0992239
0.09931
0.099391
0.099467
0.0995379
0.0996038
0.0996646
0.0997204
0.0997711
0.0998167
0.0998573
0.0998928
0.0999233
0.0999486
0.0999689
0.0999841
0.0999943
0.0999994
0.0999994
0.0999943
0.0999841
0.0999689
0.0999486
0.0999233
0.0998928
0.0998573
0.0998167
0.0997711
0.0997204
0.0996646
0.0996038
0.0995379
0.099467
0.099391
0.09931
0.0992239
0.0991328
0.0990367
0.0989355
0.0988294
0.0987182
0.098602
0.0984808
0.0983546
0.0982234
0.0980872
0.0979461
0.0977999
0.0976488
0.0974928
0.0973318
0.0971659
0.096995
0.0968192
0.0966385
0.0964529
0.0962624
0.096067
0.0958668
0.0956617
0.0954517
0.0952369
0.0950172
0.0947927
0.0945635
0.0943294
0.0940905
0.0938468
0.0935984
0.0933453
0.0930874
0.0928248
0.0925574
0.0922854
0.0920087
0.0917273
0.0914413
0.0911506
0.0908553
0.0905554
0.0902509
0.0899418
0.0896281
0.0893099
0.0889872
0.0886599
0.0883282
0.087992
0.0876513
0.0873061
0.0869565
0.0866025
0.0862442
0.0858814
0.0855143
0.0851428
0.084767
0.084387
0.0840026
0.083614
0.0832211
0.082824
0.0824227
0.0820172
0.0816076
0.0811938
0.0807759
0.0803539
0.0799278
0.0794977
0.0790635
0.0786253
0.0781832
0.077737
0.0772869
0.0768329
0.076375
0.0759132
0.0754476
0.0749781
0.0745049
0.0740278
0.073547
0.0730625
0.0725742
0.0720823
0.0715867
0.0710875
0.0705846
0.0700782
0.0695683
0.0690548
0.0685378
0.0680173
0.0674933
0.066966
0.0664352
0.0659011
0.0653636
0.0648228
0.0642788
0.0637314
0.0631808
0.0626271
0.0620701
0.06151
0.0609468
0.0603804
0.0598111
0.0592386
0.0586632
0.0580848
0.0575034
0.0569192
0.056332
0.055742
0.0551491
0.0545535
0.0539551
0.0533539
0.0527501
0.0521435
0.0515343
0.0509225
0.0503082
0.0496912
0.0490718
0.0484498
0.0478254
0.0471986
0.0465693
0.0459377
0.0453038
0.0446676
0.0440291
0.0433884
0.0427455
0.0421004
0.0414531
0.0408038
0.0401524
0.0394989
0.0388435
0.0381861
0.0375267
0.0368654
0.0362023
0.0355373
0.0348706
0.034202
0.0335317
0.0328598
0.0321861
0.0315108
0.0308339
0.0301555
0.0294755
0.0287941
0.0281111
0.0274268
0.026741
0.0260539
0.0253655
0.0246757
0.0239848
0.0232926
0.0225992
0.0219047
0.0212091
0.0205124
0.0198146
0.0191159
0.0184161
0.0177155
0.0170139
0.0163115
0.0156083
0.0149042
0.0141994
0.0134939
0.0127877
0.0120809
0.0113734
0.0106654
0.00995679
0.0092477
0.00853815
0.00782816
0.00711777
0.00640703
0.00569596
0.00498459
0.00427298
0.00356115
0.00284914
0.00213698
0.00142472
0.000712379
5.76481e-09
-0.000712367
-0.0014247
-0.00213697
-0.00284913
-0.00356114
-0.00427297
-0.00498458
-0.00569594
-0.00640702
-0.00711776
-0.00782815
-0.00853814
-0.00924769
-0.00995678
-0.0106654
-0.0113734
-0.0120809
-0.0127877
-0.0134939
-0.0141994
-0.0149042
-0.0156083
-0.0163115
-0.0170139
-0.0177155
-0.0184161
-0.0191159
-0.0198146
-0.0205124
-0.0212091
-0.0219047
-0.0225992
-0.0232926
-0.0239848
-0.0246757
-0.0253655
-0.0260539
-0.026741
-0.0274267
-0.0281111
-0.028794
-0.0294755
-0.0301555
-0.0308339
-0.0315108
-0.0321861
-0.0328597
-0.0335317
-0.034202
-0.0348706
-0.0355373
-0.0362023
-0.0368654
-0.0375267
-0.0381861
-0.0388435
-0.0394989
-0.0401524
-0.0408038
-0.0414531
-0.0421003
-0.0427454
-0.0433884
-0.0440291
-0.0446676
-0.0453038
-0.0459377
-0.0465693
-0.0471986
-0.0478254
-0.0484498
-0.0490718
-0.0496912
-0.0503081
-0.0509225
-0.0515343
-0.0521435
-0.0527501
-0.0533539
-0.0539551
-0.0545535
-0.0551491
-0.055742
-0.056332
-0.0569192
-0.0575034
-0.0580848
-0.0586632
-0.0592386
-0.059811
-0.0603804
-0.0609468
-0.06151
-0.0620701
-0.0626271
-0.0631808
-0.0637314
-0.0642788
-0.0648228
-0.0653636
-0.0659011
-0.0664352
-0.066966
-0.0674933
-0.0680173
-0.0685378
-0.0690548
-0.0695683
-0.0700782
-0.0705846
-0.0710875
-0.0715867
-0.0720823
-0.0725742
-0.0730624
-0.073547
-0.0740278
-0.0745048
-0.0749781
-0.0754476
-0.0759132
-0.076375
-0.0768329
-0.0772869
-0.077737
-0.0781831
-0.0786253
-0.0790635
-0.0794977
-0.0799278
-0.0803539
-0.0807759
-0.0811938
-0.0816076
-0.0820172
-0.0824227
-0.082824
-0.0832211
-0.083614
-0.0840026
-0.084387
-0.084767
-0.0851428
-0.0855143
-0.0858814
-0.0862442
-0.0866025
-0.0869565
-0.0873061
-0.0876512
-0.0879919
-0.0883282
-0.0886599
-0.0889872
-0.0893099
-0.0896281
-0.0899418
-0.0902509
-0.0905554
-0.0908553
-0.0911506
-0.0914413
-0.0917273
-0.0920087
-0.0922854
-0.0925574
-0.0928248
-0.0930874
-0.0933453
-0.0935984
-0.0938468
-0.0940905
-0.0943294
-0.0945634
-0.0947927
-0.0950172
-0.0952369
-0.0954517
-0.0956617
-0.0958668
-0.096067
-0.0962624
-0.0964529
-0.0966385
-0.0968192
-0.096995
-0.0971659
-0.0973318
-0.0974928
-0.0976488
-0.0977999
-0.097946
-0.0980872
-0.0982234
-0.0983546
-0.0984808
-0.098602
-0.0987182
-0.0988294
-0.0989355
-0.0990367
-0.0991328
-0.0992239
-0.09931
-0.099391
-0.099467
-0.0995379
-0.0996038
-0.0996646
-0.0997204
-0.0997711
-0.0998167
-0.0998573
-0.0998928
-0.0999233
-0.0999486
-0.0999689
-0.0999841
-0.0999943
-0.0999994
-0.0999994
-0.0999943
-0.0999841
-0.0999689
-0.0999486
-0.0999233
-0.0998928
-0.0998573
-0.0998167
-0.0997711
-0.0997204
-0.0996646
-0.0996038
-0.0995379
-0.099467
-0.099391
-0.09931
-0.0992239
-0.0991328
-0.0990367
-0.0989355
-0.0988294
-0.0987182
-0.098602
-0.0984808
-0.0983546
-0.0982234
-0.0980872
-0.0979461
-0.0977999
-0.0976488
-0.0974928
-0.0973318
-0.0971659
-0.096995
-0.0968192
-0.0966385
-0.0964529
-0.0962624
-0.096067
-0.0958668
-0.0956617
-0.0954517
-0.0952369
-0.0950172
-0.0947927
-0.0945635
-0.0943294
-0.0940905
-0.0938468
-0.0935984
-0.0933453
-0.0930874
-0.0928248
-0.0925574
-0.0922854
-0.0920087
-0.0917273
-0.0914413
-0.0911506
-0.0908553
-0.0905554
-0.0902509
-0.0899418
-0.0896281
-0.0893099
-0.0889872
-0.0886599
-0.0883282
-0.087992
-0.0876513
-0.0873061
-0.0869565
-0.0866025
-0.0862442
-0.0858814
-0.0855143
-0.0851428
-0.084767
-0.084387
-0.0840026
-0.083614
-0.0832211
-0.082824
-0.0824227
-0.0820172
-0.0816076
-0.0811938
-0.0807759
-0.0803539
-0.0799278
-0.0794977
-0.0790635
-0.0786253
-0.0781832
-0.077737
-0.0772869
-0.0768329
-0.076375
-0.0759132
-0.0754476
-0.0749781
-0.0745049
-0.0740278
-0.073547
-0.0730625
-0.0725742
-0.0720823
-0.0715867
-0.0710875
-0.0705846
-0.0700782
-0.0695683
-0.0690548
-0.0685378
-0.0680173
-0.0674933
-0.066966
-0.0664352
-0.0659011
-0.0653636
-0.0648228
-0.0642788
-0.0637314
-0.0631809
-0.0626271
-0.0620701
-0.06151
-0.0609468
-0.0603805
-0.0598111
-0.0592386
-0.0586632
-0.0580848
-0.0575034
-0.0569192
-0.056332
-0.055742
-0.0551491
-0.0545535
-0.0539551
-0.0533539
-0.0527501
-0.0521435
-0.0515343
-0.0509225
-0.0503082
-0.0496912
-0.0490718
-0.0484498
-0.0478254
-0.0471986
-0.0465693
-0.0459377
-0.0453038
-0.0446676
-0.0440291
-0.0433884
-0.0427455
-0.0421004
-0.0414531
-0.0408038
-0.0401524
-0.0394989
-0.0388435
-0.0381861
-0.0375267
-0.0368654
-0.0362023
-0.0355373
-0.0348706
-0.034202
-0.0335317
-0.0328598
-0.0321861
-0.0315108
-0.030834
-0.0301555
-0.0294755
-0.0287941
-0.0281111
-0.0274268
-0.026741
-0.0260539
-0.0253655
-0.0246758
-0.0239848
-0.0232926
-0.0225992
-0.0219047
-0.0212091
-0.0205124
-0.0198146
-0.0191159
-0.0184162
-0.0177155
-0.0170139
-0.0163115
-0.0156083
-0.0149042
-0.0141994
-0.0134939
-0.0127877
-0.0120809
-0.0113734
-0.0106654
-0.0099568
-0.00924771
-0.00853815
-0.00782817
-0.00711778
-0.00640703
-0.00569596
-0.0049846
-0.00427299
-0.00356115
-0.00284914
-0.00213699
-0.00142472
-0.000712385
-1.15296e-08
0.000712362
0.0014247
0.00213696
0.00284912
0.00356113
0.00427296
0.00498458
0.00569594
0.00640701
0.00711776
0.00782814
0.00853813
0.00924769
0.00995677
0.0106654
0.0113734
0.0120809
0.0127877
0.0134939
0.0141994
0.0149042
0.0156083
0.0163115
0.0170139
0.0177155
0.0184161
0.0191159
0.0198146
0.0205123
0.0212091
0.0219047
0.0225992
0.0232926
0.0239848
0.0246757
0.0253654
0.0260539
0.026741
0.0274267
0.0281111
0.028794
0.0294755
0.0301555
0.0308339
0.0315108
0.0321861
0.0328597
0.0335317
0.034202
0.0348705
0.0355373
0.0362023
0.0368654
0.0375267
0.038186
0.0388435
0.0394989
0.0401524
0.0408038
0.0414531
0.0421003
0.0427454
0.0433884
0.0440291
0.0446676
0.0453038
0.0459377
0.0465693
0.0471986
0.0478254
0.0484498
0.0490717
0.0496912
0.0503081
0.0509225
0.0515343
0.0521435
0.05275
0.0533539
0.0539551
0.0545535
0.0551491
0.055742
0.056332
0.0569192
0.0575034
0.0580848
0.0586632
0.0592386
0.059811
0.0603804
0.0609468
0.06151
0.0620701
0.0626271
0.0631808
0.0637314
0.0642788
0.0648228
0.0653636
0.0659011
0.0664352
0.066966
0.0674933
0.0680173
0.0685377
0.0690547
0.0695682
0.0700782
0.0705846
0.0710875
0.0715867
0.0720823
0.0725742
0.0730624
0.073547
0.0740278
0.0745048
0.0749781
0.0754476
0.0759132
0.076375
0.0768329
0.0772869
0.077737
0.0781831
0.0786253
0.0790635
0.0794977
0.0799278
0.0803539
0.0807759
0.0811938
0.0816076
0.0820172
0.0824227
0.082824
0.0832211
0.083614
0.0840026
0.084387
0.084767
0.0851428
0.0855143
0.0858814
0.0862442
0.0866025
0.0869565
0.0873061
0.0876512
0.0879919
0.0883282
0.0886599
0.0889872
0.0893099
0.0896281
0.0899418
0.0902509
0.0905554
0.0908553
0.0911506
0.0914413
0.0917273
0.0920087
0.0922854
0.0925574
0.0928247
0.0930874
0.0933453
0.0935984
0.0938468
0.0940905
0.0943294
0.0945634
0.0947927
0.0950172
0.0952369
0.0954517
0.0956617
0.0958668
0.096067
0.0962624
0.0964529
0.0966385
0.0968192
0.096995
0.0971659
0.0973318
0.0974928
0.0976488
0.0977999
0.097946
0.0980872
0.0982234
0.0983546
0.0984808
0.098602
0.0987182
0.0988294
0.0989355
0.0990367
0.0991328
0.0992239
0.09931
0.099391
0.099467
0.0995379
0.0996038
0.0996646
0.0997204
0.0997711
0.0998167
0.0998573
0.0998928
0.0999233
0.0999486
0.0999689
0.0999841
0.0999943
0.0999994
0.0999994
0.0999943
0.0999841
0.0999689
0.0999486
0.0999233
0.0998928
0.0998573
0.0998167
0.0997711
0.0997204
0.0996646
0.0996038
0.0995379
0.099467
0.099391
0.09931
0.0992239
0.0991328
0.0990367
0.0989355
0.0988294
0.0987182
0.098602
0.0984808
0.0983546
0.0982234
0.0980872
0.0979461
0.0977999
0.0976488
0.0974928
0.0973318
0.0971659
0.096995
0.0968192
0.0966385
0.0964529
0.0962624
0.096067
0.0958668
0.0956617
0.0954517
0.0952369
0.0950172
0.0947927
0.0945635
0.0943294
0.0940905
0.0938468
0.0935984
0.0933453
0.0930874
0.0928248
0.0925574
0.0922854
0.0920087
0.0917273
0.0914413
0.0911506
0.0908553
0.0905554
0.0902509
0.0899418
0.0896281
0.0893099
0.0889872
0.0886599
0.0883282
0.087992
0.0876513
0.0873061
0.0869565
0.0866025
0.0862442
0.0858814
0.0855143
0.0851428
0.084767
0.084387
0.0840026
0.083614
0.0832211
0.082824
0.0824227
0.0820172
0.0816076
0.0811938
0.0807759
0.0803539
0.0799278
0.0794977
0.0790635
0.0786253
0.0781832
0.077737
0.0772869
0.0768329
0.076375
0.0759132
0.0754476
0.0749781
0.0745049
0.0740278
0.073547
0.0730625
0.0725742
0.0720823
0.0715867
0.0710875
0.0705846
0.0700782
0.0695683
0.0690548
0.0685378
0.0680173
0.0674934
0.066966
0.0664352
0.0659011
0.0653636
0.0648229
0.0642788
0.0637314
0.0631809
0.0626271
0.0620701
0.06151
0.0609468
0.0603805
0.0598111
0.0592386
0.0586632
0.0580848
0.0575035
0.0569192
0.056332
0.055742
0.0551492
0.0545535
0.0539551
0.0533539
0.0527501
0.0521435
0.0515344
0.0509226
0.0503082
0.0496912
0.0490718
0.0484498
0.0478254
0.0471986
0.0465693
0.0459378
0.0453038
0.0446676
0.0440291
0.0433884
0.0427455
0.0421004
0.0414531
0.0408038
0.0401524
0.0394989
0.0388435
0.0381861
0.0375267
0.0368655
0.0362023
0.0355373
0.0348706
0.034202
0.0335318
0.0328598
0.0321861
0.0315108
0.030834
0.0301555
0.0294755
0.0287941
0.0281111
0.0274268
0.026741
0.0260539
0.0253655
0.0246758
0.0239848
0.0232926
0.0225992
0.0219047
0.0212091
0.0205124
0.0198146
0.0191159
0.0184162
0.0177155
0.0170139
0.0163115
0.0156083
0.0149042
0.0141994
0.0134939
0.0127877
0.0120809
0.0113734
0.0106654
0.0099568
0.00924772
0.00853816
0.00782817
0.00711779
0.00640704
0.00569597
0.00498461
0.00427299
0.00356116
0.00284915
0.00213699
0.00142473
0.000712391
1.72944e-08
-0.000712356
-0.00142469
-0.00213696
-0.00284911
-0.00356113
-0.00427296
-0.00498457
-0.00569593
-0.006407
-0.00711775
-0.00782814
-0.00853813
-0.00924768
-0.00995677
-0.0106653
-0.0113734
-0.0120808
-0.0127877
-0.0134939
-0.0141994
-0.0149042
-0.0156082
-0.0163115
-0.0170139
-0.0177155
-0.0184161
-0.0191158
-0.0198146
-0.0205123
-0.021209
-0.0219047
-0.0225992
-0.0232926
-0.0239848
-0.0246757
-0.0253654
-0.0260539
-0.026741
-0.0274267
-0.0281111
-0.028794
-0.0294755
-0.0301555
-0.0308339
-0.0315108
-0.0321861
-0.0328597
-0.0335317
-0.034202
-0.0348705
-0.0355373
-0.0362023
-0.0368654
-0.0375267
-0.038186
-0.0388435
-0.0394989
-0.0401524
-0.0408038
-0.0414531
-0.0421003
-0.0427454
-0.0433884
-0.0440291
-0.0446676
-0.0453038
-0.0459377
-0.0465693
-0.0471985
-0.0478254
-0.0484498
-0.0490717
-0.0496912
-0.0503081
-0.0509225
-0.0515343
-0.0521435
-0.05275
-0.0533539
-0.0539551
-0.0545535
-0.0551491
-0.055742
-0.056332
-0.0569192
-0.0575034
-0.0580848
-0.0586632
-0.0592386
-0.059811
-0.0603804
-0.0609468
-0.06151
-0.0620701
-0.0626271
-0.0631808
-0.0637314
-0.0642787
-0.0648228
-0.0653636
-0.0659011
-0.0664352
-0.066966
-0.0674933
-0.0680173
-0.0685377
-0.0690547
-0.0695682
-0.0700782
-0.0705846
-0.0710875
-0.0715867
-0.0720823
-0.0725742
-0.0730624
-0.073547
-0.0740278
-0.0745048
-0.0749781
-0.0754476
-0.0759132
-0.076375
-0.0768329
-0.0772869
-0.077737
-0.0781831
-0.0786253
-0.0790635
-0.0794977
-0.0799278
-0.0803539
-0.0807759
-0.0811938
-0.0816076
-0.0820172
-0.0824227
-0.082824
-0.0832211
-0.083614
-0.0840026
-0.0843869
-0.084767
-0.0851428
-0.0855143
-0.0858814
-0.0862441
-0.0866025
-0.0869565
-0.0873061
-0.0876512
-0.0879919
-0.0883282
-0.0886599
-0.0889872
-0.0893099
-0.0896281
-0.0899418
-0.0902509
-0.0905554
-0.0908553
-0.0911506
-0.0914413
-0.0917273
-0.0920087
-0.0922854
-0.0925574
-0.0928247
-0.0930874
-0.0933453
-0.0935984
-0.0938468
-0.0940905
-0.0943294
-0.0945634
-0.0947927
-0.0950172
-0.0952369
-0.0954517
-0.0956617
-0.0958668
-0.096067
-0.0962624
-0.0964529
-0.0966385
-0.0968192
-0.096995
-0.0971659
-0.0973318
-0.0974928
-0.0976488
-0.0977999
-0.097946
-0.0980872
-0.0982234
-0.0983546
-0.0984808
-0.098602
-0.0987182
-0.0988294
-0.0989355
-0.0990367
-0.0991328
-0.0992239
-0.09931
-0.099391
-0.099467
-0.0995379
-0.0996038
-0.0996646
-0.0997204
-0.0997711
-0.0998167
-0.0998573
-0.0998928
-0.0999233
-0.0999486
-0.0999689
-0.0999841
-0.0999943
-0.0999994
-0.0999994
-0.0999943
-0.0999841
-0.0999689
-0.0999486
-0.0999233
-0.0998928
-0.0998573
-0.0998167
-0.0997711
-0.0997204
-0.0996646
-0.0996038
-0.0995379
-0.099467
-0.099391
-0.09931
-0.0992239
-0.0991328
-0.0990367
-0.0989355
-0.0988294
-0.0987182
-0.098602
-0.0984808
-0.0983546
-0.0982234
-0.0980872
-0.0979461
-0.0977999
-0.0976488
-0.0974928
-0.0973318
-0.0971659
-0.096995
-0.0968192
-0.0966385
-0.0964529
-0.0962624
-0.096067
-0.0958668
-0.0956617
-0.0954517
-0.0952369
-0.0950172
-0.0947927
-0.0945635
-0.0943294
-0.0940905
-0.0938469
-0.0935984
-0.0933453
-0.0930874
-0.0928248
-0.0925574
-0.0922854
-0.0920087
-0.0917273
-0.0914413
-0.0911506
-0.0908553
-0.0905554
-0.0902509
-0.0899418
-0.0896281
-0.0893099
-0.0889872
-0.0886599
-0.0883282
-0.087992
-0.0876513
-0.0873061
-0.0869565
-0.0866026
-0.0862442
-0.0858814
-0.0855143
-0.0851428
-0.0847671
-0.084387
-0.0840026
-0.083614
-0.0832211
-0.082824
-0.0824227
-0.0820172
-0.0816076
-0.0811938
-0.0807759
-0.0803539
-0.0799278
-0.0794977
-0.0790635
-0.0786253
-0.0781832
-0.077737
-0.0772869
-0.0768329
-0.076375
-0.0759132
-0.0754476
-0.0749781
-0.0745049
-0.0740278
-0.073547
-0.0730625
-0.0725742
-0.0720823
-0.0715867
-0.0710875
-0.0705847
-0.0700782
-0.0695683
-0.0690548
-0.0685378
-0.0680173
-0.0674934
-0.066966
-0.0664352
-0.0659011
-0.0653636
-0.0648229
-0.0642788
-0.0637314
-0.0631809
-0.0626271
-0.0620701
-0.06151
-0.0609468
-0.0603805
-0.0598111
-0.0592386
-0.0586632
-0.0580848
-0.0575035
-0.0569192
-0.056332
-0.055742
-0.0551492
-0.0545535
-0.0539551
-0.0533539
-0.0527501
-0.0521435
-0.0515344
-0.0509226
-0.0503082
-0.0496912
-0.0490718
-0.0484498
-0.0478254
-0.0471986
-0.0465694
-0.0459378
-0.0453038
-0.0446676
-0.0440291
-0.0433884
-0.0427455
-0.0421004
-0.0414531
-0.0408038
-0.0401524
-0.039499
-0.0388435
-0.0381861
-0.0375267
-0.0368655
-0.0362023
-0.0355374
-0.0348706
-0.034202
-0.0335318
-0.0328598
-0.0321861
-0.0315108
-0.030834
-0.0301555
-0.0294755
-0.0287941
-0.0281111
-0.0274268
-0.026741
-0.0260539
-0.0253655
-0.0246758
-0.0239848
-0.0232926
-0.0225992
-0.0219047
-0.0212091
-0.0205124
-0.0198146
-0.0191159
-0.0184162
-0.0177155
-0.017014
-0.0163115
-0.0156083
-0.0149042
-0.0141995
-0.0134939
-0.0127877
-0.0120809
-0.0113734
-0.0106654
-0.00995681
-0.00924772
-0.00853817
-0.00782818
-0.00711779
-0.00640704
-0.00569597
-0.00498461
-0.004273
-0.00356117
-0.00284915
-0.002137
-0.00142473
-0.000712396
-2.30592e-08
0.00071235
0.00142469
0.00213695
0.00284911
0.00356112
0.00427295
0.00498457
0.00569593
0.006407
0.00711775
0.00782813
0.00853812
0.00924768
0.00995676
0.0106653
0.0113734
0.0120808
0.0127877
0.0134939
0.0141994
0.0149042
0.0156082
0.0163115
0.0170139
0.0177155
0.0184161
0.0191158
0.0198146
0.0205123
0.021209
0.0219047
0.0225992
0.0232926
0.0239847
0.0246757
0.0253654
0.0260539
0.026741
0.0274267
0.0281111
0.028794
0.0294755
0.0301555
0.0308339
0.0315108
0.0321861
0.0328597
0.0335317
0.034202
0.0348705
0.0355373
0.0362023
0.0368654
0.0375267
0.038186
0.0388435
0.0394989
0.0401524
0.0408038
0.0414531
0.0421003
0.0427454
0.0433884
0.0440291
0.0446676
0.0453038
0.0459377
0.0465693
0.0471985
0.0478254
0.0484498
0.0490717
0.0496912
0.0503081
0.0509225
0.0515343
0.0521435
0.05275
0.0533539
0.0539551
0.0545535
0.0551491
0.055742
0.056332
0.0569191
0.0575034
0.0580848
0.0586632
0.0592386
0.059811
0.0603804
0.0609467
0.06151
0.0620701
0.062627
0.0631808
0.0637314
0.0642787
0.0648228
0.0653636
0.0659011
0.0664352
0.066966
0.0674933
0.0680173
0.0685377
0.0690547
0.0695682
0.0700782
0.0705846
0.0710874
0.0715867
0.0720823
0.0725742
0.0730624
0.073547
0.0740278
0.0745048
0.0749781
0.0754476
0.0759132
0.076375
0.0768329
0.0772869
0.077737
0.0781831
0.0786253
0.0790635
0.0794977
0.0799278
0.0803539
0.0807759
0.0811938
0.0816076
0.0820172
0.0824227
0.082824
0.0832211
0.083614
0.0840026
0.0843869
0.084767
0.0851428
0.0855143
0.0858814
0.0862441
0.0866025
0.0869565
0.0873061
0.0876512
0.0879919
0.0883282
0.0886599
0.0889872
0.0893099
0.0896281
0.0899418
0.0902509
0.0905554
0.0908553
0.0911506
0.0914413
0.0917273
0.0920087
0.0922854
0.0925574
0.0928247
0.0930874
0.0933453
0.0935984
0.0938468
0.0940905
0.0943294
0.0945634
0.0947927
0.0950172
0.0952369
0.0954517
0.0956617
0.0958668
0.096067
0.0962624
0.0964529
0.0966385
0.0968192
0.096995
0.0971659
0.0973318
0.0974928
0.0976488
0.0977999
0.097946
0.0980872
0.0982234
0.0983546
0.0984808
0.098602
0.0987182
0.0988294
0.0989355
0.0990367
0.0991328
0.0992239
0.09931
0.099391
0.099467
0.0995379
0.0996038
0.0996646
0.0997204
0.0997711
0.0998167
0.0998573
0.0998928
0.0999233
0.0999486
0.0999689
0.0999841
0.0999943
0.0999994
0.0999994
0.0999943
0.0999841
0.0999689
0.0999486
0.0999233
0.0998928
0.0998573
0.0998167
0.0997711
0.0997204
0.0996646
0.0996038
0.0995379
0.099467
0.099391
0.09931
0.0992239
0.0991328
0.0990367
0.0989355
0.0988294
0.0987182
0.098602
0.0984808
0.0983546
0.0982234
0.0980872
0.0979461
0.0977999
0.0976488
0.0974928
0.0973318
0.0971659
0.096995
0.0968192
0.0966385
0.0964529
0.0962624
0.0960671
0.0958668
0.0956617
0.0954517
0.0952369
0.0950172
0.0947927
0.0945635
0.0943294
0.0940905
0.0938469
0.0935984
0.0933453
0.0930874
0.0928248
0.0925574
0.0922854
0.0920087
0.0917273
0.0914413
0.0911506
0.0908553
0.0905554
0.0902509
