0
0.000712373
0.00142471
0.00213698
0.00284913
0.00356114
0.00427297
0.00498459
0.00569595
0.00640702
0.00711777
0.00782815
0.00853814
0.0092477
0.00995678
0.0106654
0.0113734
0.0120809
0.0127877
0.0134939
0.0141994
0.0149042
0.0156083
0.0163115
0.0170139
0.0177155
0.0184161
0.0191159
0.0198146
0.0205124
0.0212091
0.0219047
0.0225992
0.0232926
0.0239848
0.0246757
0.0253655
0.0260539
0.026741
0.0274268
0.0281111
0.028794
0.0294755
0.0301555
0.0308339
0.0315108
0.0321861
0.0328598
0.0335317
0.034202
0.0348706
0.0355373
0.0362023
0.0368654
0.0375267
0.0381861
0.0388435
0.0394989
0.0401524
0.0408038
0.0414531
0.0421004
0.0427454
0.0433884
0.0440291
0.0446676
0.0453038
0.0459377
0.0465693
0.0471986
0.0478254
0.0484498
0.0490718
0.0496912
0.0503082
0.0509225
0.0515343
0.0521435
0.0527501
0.0533539
0.0539551
0.0545535
0.0551491
0.055742
0.056332
0.0569192
0.0575034
0.0580848
0.0586632
0.0592386
0.0598111
0.0603804
0.0609468
0.06151
0.0620701
0.0626271
0.0631808
0.0637314
0.0642788
0.0648228
0.0653636
0.0659011
0.0664352
0.066966
0.0674933
0.0680173
0.0685378
0.0690548
0.0695683
0.0700782
0.0705846
0.0710875
0.0715867
0.0720823
0.0725742
0.0730625
0.073547
0.0740278
0.0745049
0.0749781
0.0754476
0.0759132
0.076375
0.0768329
0.0772869
0.077737
0.0781831
0.0786253
0.0790635
0.0794977
0.0799278
0.0803539
0.0807759
0.0811938
0.0816076
0.0820172
0.0824227
0.082824
0.0832211
0.083614
0.0840026
0.084387
0.084767
0.0851428
0.0855143
0.0858814
0.0862442
0.0866025
0.0869565
0.0873061
0.0876513
0.0879919
0.0883282
0.0886599
0.0889872
0.0893099
0.0896281
0.0899418
0.0902509
0.0905554
0.0908553
0.0911506
0.0914413
0.0917273
0.0920087
0.0922854
0.0925574
0.0928248
0.0930874
0.0933453
0.0935984
0.0938468
0.0940905
0.0943294
0.0945634
0.0947927
0.0950172
0.0952369
0.0954517
0.0956617
0.0958668
0.096067
0.0962624
0.0964529
0.0966385
0.0968192
0.096995
0.0971659
0.0973318
0.0974928
0.0976488
0.0977999
0.0979461
0.0980872
0.0982234
0.0983546
0.0984808
0.098602
0.0987182
0.0988294
0.0989355
0.0990367
0.0991328
0.0992239
0.09931
0.099391
0.099467
0.0995379
0.0996038
0.0996646
0.0997204
0.0997711
0.0998167
0.0998573
0.0998928
0.0999233
0.0999486
0.0999689
0.0999841
0.0999943
0.0999994
0.0999994
0.0999943
0.0999841
0.0999689
0.0999486
0.0999233
0.0998928
0.0998573
0.0998167
0.0997711
0.0997204
0.0996646
0.0996038
0.0995379
0.099467
0.099391
0.09931
0.0992239
0.0991328
0.0990367
0.0989355
0.0988294
0.0987182
0.098602
0.0984808
0.0983546
0.0982234
0.0980872
0.0979461
0.0977999
0.0976488
0.0974928
0.0973318
0.0971659
0.096995
0.0968192
0.0966385
0.0964529
0.0962624
0.096067
0.0958668
0.0956617
0.0954517
0.0952369
0.0950172
0.0947927
0.0945635
0.0943294
0.0940905
0.0938468
0.0935984
0.0933453
0.0930874
0.0928248
0.0925574
0.0922854
0.0920087
0.0917273
0.0914413
0.0911506
0.0908553
0.0905554
0.0902509
0.0899418
0.0896281
0.0893099
0.0889872
0.0886599
0.0883282
0.087992
0.0876513
0.0873061
0.0869565
0.0866025
0.0862442
0.0858814
0.0855143
0.0851428
0.084767
0.084387
0.0840026
0.083614
0.0832211
0.082824
0.0824227
0.0820172
0.0816076
0.0811938
0.0807759
0.0803539
0.0799278
0.0794977
0.0790635
0.0786253
0.0781832
0.077737
0.0772869
0.0768329
0.076375
0.0759132
0.0754476
0.0749781
0.0745049
0.0740278
0.073547
0.0730625
0.0725742
0.0720823
0.0715867
0.0710875
0.0705846
0.0700782
0.0695683
0.0690548
0.0685378
0.0680173
0.0674933
0.066966
0.0664352
0.0659011
0.0653636
0.0648228
0.0642788
0.0637314
0.0631808
0.0626271
0.0620701
0.06151
0.0609468
0.0603804
0.0598111
0.0592386
0.0586632
0.0580848
0.0575034
0.0569192
0.056332
0.055742
0.0551491
0.0545535
0.0539551
0.0533539
0.0527501
0.0521435
0.0515343
0.0509225
0.0503082
0.0496912
0.0490718
0.0484498
0.0478254
0.0471986
0.0465693
0.0459377
0.0453038
0.0446676
0.0440291
0.0433884
0.0427455
0.0421004
0.0414531
0.0408038
0.0401524
0.0394989
0.0388435
0.0381861
0.0375267
0.0368654
0.0362023
0.0355373
0.0348706
0.034202
0.0335317
0.0328598
0.0321861
0.0315108
0.0308339
0.0301555
0.0294755
0.0287941
0.0281111
0.0274268
0.026741
0.0260539
0.0253655
0.0246757
0.0239848
0.0232926
0.0225992
0.0219047
0.0212091
0.0205124
0.0198146
0.0191159
0.0184161
0.0177155
0.0170139
0.0163115
0.0156083
0.0149042
0.0141994
0.0134939
0.0127877
0.0120809
0.0113734
0.0106654
0.00995679
0.0092477
0.00853815
0.00782816
0.00711777
0.00640703
0.00569596
0.00498459
0.00427298
0.00356115
0.00284914
0.00213698
0.00142472
0.000712379
5.76481e-09
-0.000712367
-0.0014247
-0.00213697
-0.00284913
-0.00356114
-0.00427297
-0.00498458
-0.00569594
-0.00640702
-0.00711776
-0.00782815
-0.00853814
-0.00924769
-0.00995678
-0.0106654
-0.0113734
-0.0120809
-0.0127877
-0.0134939
-0.0141994
-0.0149042
-0.0156083
-0.0163115
-0.0170139
-0.0177155
-0.0184161
-0.0191159
-0.0198146
-0.0205124
-0.0212091
-0.0219047
-0.0225992
-0.0232926
-0.0239848
-0.0246757
-0.0253655
-0.0260539
-0.026741
-0.0274267
-0.0281111
-0.028794
-0.0294755
-0.0301555
-0.0308339
-0.0315108
-0.0321861
-0.0328597
-0.0335317
-0.034202
-0.0348706
-0.0355373
-0.0362023
-0.0368654
-0.0375267
-0.0381861
-0.0388435
-0.0394989
-0.0401524
-0.0408038
-0.0414531
-0.0421003
-0.0427454
-0.0433884
-0.0440291
-0.0446676
-0.0453038
-0.0459377
-0.0465693
-0.0471986
-0.0478254
-0.0484498
-0.0490718
-0.0496912
-0.0503081
-0.0509225
-0.0515343
-0.0521435
-0.0527501
-0.0533539
-0.0539551
-0.0545535
-0.0551491
-0.055742
-0.056332
-0.0569192
-0.0575034
-0.0580848
-0.0586632
-0.0592386
-0.059811
-0.0603804
-0.0609468
-0.06151
-0.0620701
-0.0626271
-0.0631808
-0.0637314
-0.0642788
-0.0648228
-0.0653636
-0.0659011
-0.0664352
-0.066966
-0.0674933
-0.0680173
-0.0685378
-0.0690548
-0.0695683
-0.0700782
-0.0705846
-0.0710875
-0.0715867
-0.0720823
-0.0725742
-0.0730624
-0.073547
-0.0740278
-0.0745048
-0.0749781
-0.0754476
-0.0759132
-0.076375
-0.0768329
-0.0772869
-0.077737
-0.0781831
-0.0786253
-0.0790635
-0.0794977
-0.0799278
-0.0803539
-0.0807759
-0.0811938
-0.0816076
-0.0820172
-0.0824227
-0.082824
-0.0832211
-0.083614
-0.0840026
-0.084387
-0.084767
-0.0851428
-0.0855143
-0.0858814
-0.0862442
-0.0866025
-0.0869565
-0.0873061
-0.0876512
-0.0879919
-0.0883282
-0.0886599
-0.0889872
-0.0893099
-0.0896281
-0.0899418
-0.0902509
-0.0905554
-0.0908553
-0.0911506
-0.0914413
-0.0917273
-0.0920087
-0.0922854
-0.0925574
-0.0928248
-0.0930874
-0.0933453
-0.0935984
-0.0938468
-0.0940905
-0.0943294
-0.0945634
-0.0947927
-0.0950172
-0.0952369
-0.0954517
-0.0956617
-0.0958668
-0.096067
-0.0962624
-0.0964529
-0.0966385
-0.0968192
-0.096995
-0.0971659
-0.0973318
-0.0974928
-0.0976488
-0.0977999
-0.097946
-0.0980872
-0.0982234
-0.0983546
-0.0984808
-0.098602
-0.0987182
-0.0988294
-0.0989355
-0.0990367
-0.0991328
-0.0992239
-0.09931
-0.099391
-0.099467
-0.0995379
-0.0996038
-0.0996646
-0.0997204
-0.0997711
-0.0998167
-0.0998573
-0.0998928
-0.0999233
-0.0999486
-0.0999689
-0.0999841
-0.0999943
-0.0999994
-0.0999994
-0.0999943
-0.0999841
-0.0999689
-0.0999486
-0.0999233
-0.0998928
-0.0998573
-0.0998167
-0.0997711
-0.0997204
-0.0996646
-0.0996038
-0.0995379
-0.099467
-0.099391
-0.09931
-0.0992239
-0.0991328
-0.0990367
-0.0989355
-0.0988294
-0.0987182
-0.098602
-0.0984808
-0.0983546
-0.0982234
-0.0980872
-0.0979461
-0.0977999
-0.0976488
-0.0974928
-0.0973318
-0.0971659
-0.096995
-0.0968192
-0.0966385
-0.0964529
-0.0962624
-0.096067
-0.0958668
-0.0956617
-0.0954517
-0.0952369
-0.0950172
-0.0947927
-0.0945635
-0.0943294
-0.0940905
-0.0938468
-0.0935984
-0.0933453
-0.0930874
-0.0928248
-0.0925574
-0.0922854
-0.0920087
-0.0917273
-0.0914413
-0.0911506
-0.0908553
-0.0905554
-0.0902509
-0.0899418
-0.0896281
-0.0893099
-0.0889872
-0.0886599
-0.0883282
-0.087992
-0.0876513
-0.0873061
-0.0869565
-0.0866025
-0.0862442
-0.0858814
-0.0855143
-0.0851428
-0.084767
-0.084387
-0.0840026
-0.083614
-0.0832211
-0.082824
-0.0824227
-0.0820172
-0.0816076
-0.0811938
-0.0807759
-0.0803539
-0.0799278
-0.0794977
-0.0790635
-0.0786253
-0.0781832
-0.077737
-0.0772869
-0.0768329
-0.076375
-0.0759132
-0.0754476
-0.0749781
-0.0745049
-0.0740278
-0.073547
-0.0730625
-0.0725742
-0.0720823
-0.0715867
-0.0710875
-0.0705846
-0.0700782
-0.0695683
-0.0690548
-0.0685378
-0.0680173
-0.0674933
-0.066966
-0.0664352
-0.0659011
-0.0653636
-0.0648228
-0.0642788
-0.0637314
-0.0631809
-0.0626271
-0.0620701
-0.06151
-0.0609468
-0.0603805
-0.0598111
-0.0592386
-0.0586632
-0.0580848
-0.0575034
-0.0569192
-0.056332
-0.055742
-0.0551491
-0.0545535
-0.0539551
-0.0533539
-0.0527501
-0.0521435
-0.0515343
-0.0509225
-0.0503082
-0.0496912
-0.0490718
-0.0484498
-0.0478254
-0.0471986
-0.0465693
-0.0459377
-0.0453038
-0.0446676
-0.0440291
-0.0433884
-0.0427455
-0.0421004
-0.0414531
-0.0408038
-0.0401524
-0.0394989
-0.0388435
-0.0381861
-0.0375267
-0.0368654
-0.0362023
-0.0355373
-0.0348706
-0.034202
-0.0335317
-0.0328598
-0.0321861
-0.0315108
-0.030834
-0.0301555
-0.0294755
-0.0287941
-0.0281111
-0.0274268
-0.026741
-0.0260539
-0.0253655
-0.0246758
-0.0239848
-0.0232926
-0.0225992
-0.0219047
-0.0212091
-0.0205124
-0.0198146
-0.0191159
-0.0184162
-0.0177155
-0.0170139
-0.0163115
-0.0156083
-0.0149042
-0.0141994
-0.0134939
-0.0127877
-0.0120809
-0.0113734
-0.0106654
-0.0099568
-0.00924771
-0.00853815
-0.00782817
-0.00711778
-0.00640703
-0.00569596
-0.0049846
-0.00427299
-0.00356115
-0.00284914
-0.00213699
-0.00142472
-0.000712385
-1.15296e-08
0.000712362
0.0014247
0.00213696
0.00284912
0.00356113
0.00427296
0.00498458
0.00569594
0.00640701
0.00711776
0.00782814
0.00853813
0.00924769
0.00995677
0.0106654
0.0113734
0.0120809
0.0127877
0.0134939
0.0141994
0.0149042
0.0156083
0.0163115
0.0170139
0.0177155
0.0184161
0.0191159
0.0198146
0.0205123
0.0212091
0.0219047
0.0225992
0.0232926
0.0239848
0.0246757
0.0253654
0.0260539
0.026741
0.0274267
0.0281111
0.028794
0.0294755
0.0301555
0.0308339
0.0315108
0.0321861
0.0328597
0.0335317
0.034202
0.0348705
0.0355373
0.0362023
0.0368654
0.0375267
0.038186
0.0388435
0.0394989
0.0401524
0.0408038
0.0414531
0.0421003
0.0427454
0.0433884
0.0440291
0.0446676
0.0453038
0.0459377
0.0465693
0.0471986
0.0478254
0.0484498
0.0490717
0.0496912
0.0503081
0.0509225
0.0515343
0.0521435
0.05275
0.0533539
0.0539551
0.0545535
0.0551491
0.055742
0.056332
0.0569192
0.0575034
0.0580848
0.0586632
0.0592386
0.059811
0.0603804
0.0609468
0.06151
0.0620701
0.0626271
0.0631808
0.0637314
0.0642788
0.0648228
0.0653636
0.0659011
0.0664352
0.066966
0.0674933
0.0680173
0.0685377
0.0690547
0.0695682
0.0700782
0.0705846
0.0710875
0.0715867
0.0720823
0.0725742
0.0730624
0.073547
0.0740278
0.0745048
0.0749781
0.0754476
0.0759132
0.076375
0.0768329
0.0772869
0.077737
0.0781831
0.0786253
0.0790635
0.0794977
0.0799278
0.0803539
0.0807759
0.0811938
0.0816076
0.0820172
0.0824227
0.082824
0.0832211
0.083614
0.0840026
0.084387
0.084767
0.0851428
0.0855143
0.0858814
0.0862442
0.0866025
0.0869565
0.0873061
0.0876512
0.0879919
0.0883282
0.0886599
0.0889872
0.0893099
0.0896281
0.0899418
0.0902509
0.0905554
0.0908553
0.0911506
0.0914413
0.0917273
0.0920087
0.0922854
0.0925574
0.0928247
0.0930874
0.0933453
0.0935984
0.0938468
0.0940905
0.0943294
0.0945634
0.0947927
0.0950172
0.0952369
0.0954517
0.0956617
0.0958668
0.096067
0.0962624
0.0964529
0.0966385
0.0968192
0.096995
0.0971659
0.0973318
0.0974928
0.0976488
0.0977999
0.097946
0.0980872
0.0982234
0.0983546
0.0984808
0.098602
0.0987182
0.0988294
0.0989355
0.0990367
0.0991328
0.0992239
0.09931
0.099391
0.099467
0.0995379
0.0996038
0.0996646
0.0997204
0.0997711
0.0998167
0.0998573
0.0998928
0.0999233
0.0999486
0.0999689
0.0999841
0.0999943
0.0999994
0.0999994
0.0999943
0.0999841
0.0999689
0.0999486
0.0999233
0.0998928
0.0998573
0.0998167
0.0997711
0.0997204
0.0996646
0.0996038
0.0995379
0.099467
0.099391
0.09931
0.0992239
0.0991328
0.0990367
0.0989355
0.0988294
0.0987182
0.098602
0.0984808
0.0983546
0.0982234
0.0980872
0.0979461
0.0977999
0.0976488
0.0974928
0.0973318
0.0971659
0.096995
0.0968192
0.0966385
0.0964529
0.0962624
0.096067
0.0958668
0.0956617
0.0954517
0.0952369
0.0950172
0.0947927
0.0945635
0.0943294
0.0940905
0.0938468
0.0935984
0.0933453
0.0930874
0.0928248
0.0925574
0.0922854
0.0920087
0.0917273
0.0914413
0.0911506
0.0908553
0.0905554
0.0902509
0.0899418
0.0896281
0.0893099
0.0889872
0.0886599
0.0883282
0.087992
0.0876513
0.0873061
0.0869565
0.0866025
0.0862442
0.0858814
0.0855143
0.0851428
0.084767
0.084387
0.0840026
0.083614
0.0832211
0.082824
0.0824227
0.0820172
0.0816076
0.0811938
0.0807759
0.0803539
0.0799278
0.0794977
0.0790635
0.0786253
0.0781832
0.077737
0.0772869
0.0768329
0.076375
0.0759132
0.0754476
0.0749781
0.0745049
0.0740278
0.073547
0.0730625
0.0725742
0.0720823
0.0715867
0.0710875
0.0705846
0.0700782
0.0695683
0.0690548
0.0685378
0.0680173
0.0674934
0.066966
0.0664352
0.0659011
0.0653636
0.0648229
0.0642788
0.0637314
0.0631809
0.0626271
0.0620701
0.06151
0.0609468
0.0603805
0.0598111
0.0592386
0.0586632
0.0580848
0.0575035
0.0569192
0.056332
0.055742
0.0551492
0.0545535
0.0539551
0.0533539
0.0527501
0.0521435
0.0515344
0.0509226
0.0503082
0.0496912
0.0490718
0.0484498
0.0478254
0.0471986
0.0465693
0.0459378
0.0453038
0.0446676
0.0440291
0.0433884
0.0427455
0.0421004
0.0414531
0.0408038
0.0401524
0.0394989
0.0388435
0.0381861
0.0375267
0.0368655
0.0362023
0.0355373
0.0348706
0.034202
0.0335318
0.0328598
0.0321861
0.0315108
0.030834
0.0301555
0.0294755
0.0287941
0.0281111
0.0274268
0.026741
0.0260539
0.0253655
0.0246758
0.0239848
0.0232926
0.0225992
0.0219047
0.0212091
0.0205124
0.0198146
0.0191159
0.0184162
0.0177155
0.0170139
0.0163115
0.0156083
0.0149042
0.0141994
0.0134939
0.0127877
0.0120809
0.0113734
0.0106654
0.0099568
0.00924772
0.00853816
0.00782817
0.00711779
0.00640704
0.00569597
0.00498461
0.00427299
0.00356116
0.00284915
0.00213699
0.00142473
0.000712391
1.72944e-08
-0.000712356
-0.00142469
-0.00213696
-0.00284911
-0.00356113
-0.00427296
-0.00498457
-0.00569593
-0.006407
-0.00711775
-0.00782814
-0.00853813
-0.00924768
-0.00995677
-0.0106653
-0.0113734
-0.0120808
-0.0127877
-0.0134939
-0.0141994
-0.0149042
-0.0156082
-0.0163115
-0.0170139
-0.0177155
-0.0184161
-0.0191158
-0.0198146
-0.0205123
-0.021209
-0.0219047
-0.0225992
-0.0232926
-0.0239848
-0.0246757
-0.0253654
-0.0260539
-0.026741
-0.0274267
-0.0281111
-0.028794
-0.0294755
-0.0301555
-0.0308339
-0.0315108
-0.0321861
-0.0328597
-0.0335317
-0.034202
-0.0348705
-0.0355373
-0.0362023
-0.0368654
-0.0375267
-0.038186
-0.0388435
-0.0394989
-0.0401524
-0.0408038
-0.0414531
-0.0421003
-0.0427454
-0.0433884
-0.0440291
-0.0446676
-0.0453038
-0.0459377
-0.0465693
-0.0471985
-0.0478254
-0.0484498
-0.0490717
-0.0496912
-0.0503081
-0.0509225
-0.0515343
-0.0521435
-0.05275
-0.0533539
-0.0539551
-0.0545535
-0.0551491
-0.055742
-0.056332
-0.0569192
-0.0575034
-0.0580848
-0.0586632
-0.0592386
-0.059811
-0.0603804
-0.0609468
-0.06151
-0.0620701
-0.0626271
-0.0631808
-0.0637314
-0.0642787
-0.0648228
-0.0653636
-0.0659011
-0.0664352
-0.066966
-0.0674933
-0.0680173
-0.0685377
-0.0690547
-0.0695682
-0.0700782
-0.0705846
-0.0710875
-0.0715867
-0.0720823
-0.0725742
-0.0730624
-0.073547
-0.0740278
-0.0745048
-0.0749781
-0.0754476
-0.0759132
-0.076375
-0.0768329
-0.0772869
-0.077737
-0.0781831
-0.0786253
-0.0790635
-0.0794977
-0.0799278
-0.0803539
-0.0807759
-0.0811938
-0.0816076
-0.0820172
-0.0824227
-0.082824
-0.0832211
-0.083614
-0.0840026
-0.0843869
-0.084767
-0.0851428
-0.0855143
-0.0858814
-0.0862441
-0.0866025
-0.0869565
-0.0873061
-0.0876512
-0.0879919
-0.0883282
-0.0886599
-0.0889872
-0.0893099
-0.0896281
-0.0899418
-0.0902509
-0.0905554
-0.0908553
-0.0911506
-0.0914413
-0.0917273
-0.0920087
-0.0922854
-0.0925574
-0.0928247
-0.0930874
-0.0933453
-0.0935984
-0.0938468
-0.0940905
-0.0943294
-0.0945634
-0.0947927
-0.0950172
-0.0952369
-0.0954517
-0.0956617
-0.0958668
-0.096067
-0.0962624
-0.0964529
-0.0966385
-0.0968192
-0.096995
-0.0971659
-0.0973318
-0.0974928
-0.0976488
-0.0977999
-0.097946
-0.0980872
-0.0982234
-0.0983546
-0.0984808
-0.098602
-0.0987182
-0.0988294
-0.0989355
-0.0990367
-0.0991328
-0.0992239
-0.09931
-0.099391
-0.099467
-0.0995379
-0.0996038
-0.0996646
-0.0997204
-0.0997711
-0.0998167
-0.0998573
-0.0998928
-0.0999233
-0.0999486
-0.0999689
-0.0999841
-0.0999943
-0.0999994
-0.0999994
-0.0999943
-0.0999841
-0.0999689
-0.0999486
-0.0999233
-0.0998928
-0.0998573
-0.0998167
-0.0997711
-0.0997204
-0.0996646
-0.0996038
-0.0995379
-0.099467
-0.099391
-0.09931
-0.0992239
-0.0991328
-0.0990367
-0.0989355
-0.0988294
-0.0987182
-0.098602
-0.0984808
-0.0983546
-0.0982234
-0.0980872
-0.0979461
-0.0977999
-0.0976488
-0.0974928
-0.0973318
-0.0971659
-0.096995
-0.0968192
-0.0966385
-0.0964529
-0.0962624
-0.096067
-0.0958668
-0.0956617
-0.0954517
-0.0952369
-0.0950172
-0.0947927
-0.0945635
-0.0943294
-0.0940905
-0.0938469
-0.0935984
-0.0933453
-0.0930874
-0.0928248
-0.0925574
-0.0922854
-0.0920087
-0.0917273
-0.0914413
-0.0911506
-0.0908553
-0.0905554
-0.0902509
-0.0899418
-0.0896281
-0.0893099
-0.0889872
-0.0886599
-0.0883282
-0.087992
-0.0876513
-0.0873061
-0.0869565
-0.0866026
-0.0862442
-0.0858814
-0.0855143
-0.0851428
-0.0847671
-0.084387
-0.0840026
-0.083614
-0.0832211
-0.082824
-0.0824227
-0.0820172
-0.0816076
-0.0811938
-0.0807759
-0.0803539
-0.0799278
-0.0794977
-0.0790635
-0.0786253
-0.0781832
-0.077737
-0.0772869
-0.0768329
-0.076375
-0.0759132
-0.0754476
-0.0749781
-0.0745049
-0.0740278
-0.073547
-0.0730625
-0.0725742
-0.0720823
-0.0715867
-0.0710875
-0.0705847
-0.0700782
-0.0695683
-0.0690548
-0.0685378
-0.0680173
-0.0674934
-0.066966
-0.0664352
-0.0659011
-0.0653636
-0.0648229
-0.0642788
-0.0637314
-0.0631809
-0.0626271
-0.0620701
-0.06151
-0.0609468
-0.0603805
-0.0598111
-0.0592386
-0.0586632
-0.0580848
-0.0575035
-0.0569192
-0.056332
-0.055742
-0.0551492
-0.0545535
-0.0539551
-0.0533539
-0.0527501
-0.0521435
-0.0515344
-0.0509226
-0.0503082
-0.0496912
-0.0490718
-0.0484498
-0.0478254
-0.0471986
-0.0465694
-0.0459378
-0.0453038
-0.0446676
-0.0440291
-0.0433884
-0.0427455
-0.0421004
-0.0414531
-0.0408038
-0.0401524
-0.039499
-0.0388435
-0.0381861
-0.0375267
-0.0368655
-0.0362023
-0.0355374
-0.0348706
-0.034202
-0.0335318
-0.0328598
-0.0321861
-0.0315108
-0.030834
-0.0301555
-0.0294755
-0.0287941
-0.0281111
-0.0274268
-0.026741
-0.0260539
-0.0253655
-0.0246758
-0.0239848
-0.0232926
-0.0225992
-0.0219047
-0.0212091
-0.0205124
-0.0198146
-0.0191159
-0.0184162
-0.0177155
-0.017014
-0.0163115
-0.0156083
-0.0149042
-0.0141995
-0.0134939
-0.0127877
-0.0120809
-0.0113734
-0.0106654
-0.00995681
-0.00924772
-0.00853817
-0.00782818
-0.00711779
-0.00640704
-0.00569597
-0.00498461
-0.004273
-0.00356117
-0.00284915
-0.002137
-0.00142473
-0.000712396
-2.30592e-08
0.00071235
0.00142469
0.00213695
0.00284911
0.00356112
0.00427295
0.00498457
0.00569593
0.006407
0.00711775
0.00782813
0.00853812
0.00924768
0.00995676
0.0106653
0.0113734
0.0120808
0.0127877
0.0134939
0.0141994
0.0149042
0.0156082
0.0163115
0.0170139
0.0177155
0.0184161
0.0191158
0.0198146
0.0205123
0.021209
0.0219047
0.0225992
0.0232926
0.0239847
0.0246757
0.0253654
0.0260539
0.026741
0.0274267
0.0281111
0.028794
0.0294755
0.0301555
0.0308339
0.0315108
0.0321861
0.0328597
0.0335317
0.034202
0.0348705
0.0355373
0.0362023
0.0368654
0.0375267
0.038186
0.0388435
0.0394989
0.0401524
0.0408038
0.0414531
0.0421003
0.0427454
0.0433884
0.0440291
0.0446676
0.0453038
0.0459377
0.0465693
0.0471985
0.0478254
0.0484498
0.0490717
0.0496912
0.0503081
0.0509225
0.0515343
0.0521435
0.05275
0.0533539
0.0539551
0.0545535
0.0551491
0.055742
0.056332
0.0569191
0.0575034
0.0580848
0.0586632
0.0592386
0.059811
0.0603804
0.0609467
0.06151
0.0620701
0.062627
0.0631808
0.0637314
0.0642787
0.0648228
0.0653636
0.0659011
0.0664352
0.066966
0.0674933
0.0680173
0.0685377
0.0690547
0.0695682
0.0700782
0.0705846
0.0710874
0.0715867
0.0720823
0.0725742
0.0730624
0.073547
0.0740278
0.0745048
0.0749781
0.0754476
0.0759132
0.076375
0.0768329
0.0772869
0.077737
0.0781831
0.0786253
0.0790635
0.0794977
0.0799278
0.0803539
0.0807759
0.0811938
0.0816076
0.0820172
0.0824227
0.082824
0.0832211
0.083614
0.0840026
0.0843869
0.084767
0.0851428
0.0855143
0.0858814
0.0862441
0.0866025
0.0869565
0.0873061
0.0876512
0.0879919
0.0883282
0.0886599
0.0889872
0.0893099
0.0896281
0.0899418
0.0902509
0.0905554
0.0908553
0.0911506
0.0914413
0.0917273
0.0920087
0.0922854
0.0925574
0.0928247
0.0930874
0.0933453
0.0935984
0.0938468
0.0940905
0.0943294
0.0945634
0.0947927
0.0950172
0.0952369
0.0954517
0.0956617
0.0958668
0.096067
0.0962624
0.0964529
0.0966385
0.0968192
0.096995
0.0971659
0.0973318
0.0974928
0.0976488
0.0977999
0.097946
0.0980872
0.0982234
0.0983546
0.0984808
0.098602
0.0987182
0.0988294
0.0989355
0.0990367
0.0991328
0.0992239
0.09931
0.099391
0.099467
0.0995379
0.0996038
0.0996646
0.0997204
0.0997711
0.0998167
0.0998573
0.0998928
0.0999233
0.0999486
0.0999689
0.0999841
0.0999943
0.0999994
0.0999994
0.0999943
0.0999841
0.0999689
0.0999486
0.0999233
0.0998928
0.0998573
0.0998167
0.0997711
0.0997204
0.0996646
0.0996038
0.0995379
0.099467
0.099391
0.09931
0.0992239
0.0991328
0.0990367
0.0989355
0.0988294
0.0987182
0.098602
0.0984808
0.0983546
0.0982234
0.0980872
0.0979461
0.0977999
0.0976488
0.0974928
0.0973318
0.0971659
0.096995
0.0968192
0.0966385
0.0964529
0.0962624
0.0960671
0.0958668
0.0956617
0.0954517
0.0952369
0.0950172
0.0947927
0.0945635
0.0943294
0.0940905
0.0938469
0.0935984
0.0933453
0.0930874
0.0928248
0.0925574
0.0922854
0.0920087
0.0917273
0.0914413
0.0911506
0.0908553
0.0905554
0.0902509
0.0899418
0.0896281
0.0893099
0.0889872
0.0886599
0.0883282
0.087992
0.0876513
0.0873061
0.0869565
0.0866026
0.0862442
0.0858814
0.0855143
0.0851428
0.0847671
0.084387
0.0840026
0.083614
0.0832211
0.082824
0.0824227
0.0820172
0.0816076
0.0811938
0.0807759
0.0803539
0.0799278
0.0794977
0.0790635
0.0786253
0.0781832
0.077737
0.0772869
0.0768329
0.076375
0.0759132
0.0754476
0.0749781
0.0745049
0.0740278
0.073547
0.0730625
0.0725742
0.0720823
0.0715867
0.0710875
0.0705847
0.0700782
0.0695683
0.0690548
0.0685378
0.0680173
0.0674934
0.066966
0.0664352
0.0659011
0.0653637
0.0648229
0.0642788
0.0637314
0.0631809
0.0626271
0.0620701
0.06151
0.0609468
0.0603805
0.0598111
0.0592387
0.0586632
0.0580848
0.0575035
0.0569192
0.056332
0.055742
0.0551492
0.0545535
0.0539551
0.0533539
0.0527501
0.0521435
0.0515344
0.0509226
0.0503082
0.0496912
0.0490718
0.0484498
0.0478254
0.0471986
0.0465694
0.0459378
0.0453038
0.0446676
0.0440291
0.0433884
0.0427455
0.0421004
0.0414531
0.0408038
0.0401524
0.039499
0.0388435
0.0381861
0.0375267
0.0368655
0.0362023
0.0355374
0.0348706
0.034202
0.0335318
0.0328598
0.0321861
0.0315108
0.030834
0.0301555
0.0294755
0.0287941
0.0281111
0.0274268
0.026741
0.0260539
0.0253655
0.0246758
0.0239848
0.0232926
0.0225992
0.0219047
0.0212091
0.0205124
0.0198146
0.0191159
0.0184162
0.0177155
0.017014
0.0163115
0.0156083
0.0149043
0.0141995
0.0134939
0.0127877
0.0120809
0.0113734
0.0106654
0.00995681
0.00924773
0.00853817
0.00782818
0.0071178
0.00640705
0.00569598
0.00498462
0.004273
0.00356117
0.00284916
0.002137
0.00142474
0.000712402
2.88241e-08
-0.000712344
-0.00142468
-0.00213695
-0.0028491
-0.00356111
-0.00427295
-0.00498456
-0.00569592
-0.00640699
-0.00711774
-0.00782813
-0.00853811
-0.00924767
-0.00995676
-0.0106653
-0.0113734
-0.0120808
-0.0127877
-0.0134939
-0.0141994
-0.0149042
-0.0156082
-0.0163115
-0.0170139
-0.0177155
-0.0184161
-0.0191158
-0.0198146
-0.0205123
-0.021209
-0.0219047
-0.0225992
-0.0232926
-0.0239847
-0.0246757
-0.0253654
-0.0260539
-0.026741
-0.0274267
-0.0281111
-0.028794
-0.0294755
-0.0301555
-0.0308339
-0.0315108
-0.0321861
-0.0328597
-0.0335317
-0.034202
-0.0348705
-0.0355373
-0.0362023
-0.0368654
-0.0375267
-0.038186
-0.0388435
-0.0394989
-0.0401523
-0.0408038
-0.0414531
-0.0421003
-0.0427454
-0.0433883
-0.0440291
-0.0446676
-0.0453038
-0.0459377
-0.0465693
-0.0471985
-0.0478254
-0.0484498
-0.0490717
-0.0496912
-0.0503081
-0.0509225
-0.0515343
-0.0521435
-0.05275
-0.0533539
-0.053955
-0.0545535
-0.0551491
-0.055742
-0.056332
-0.0569191
-0.0575034
-0.0580848
-0.0586632
-0.0592386
-0.059811
-0.0603804
-0.0609467
-0.06151
-0.0620701
-0.062627
-0.0631808
-0.0637314
-0.0642787
-0.0648228
-0.0653636
-0.0659011
-0.0664352
-0.066966
-0.0674933
-0.0680173
-0.0685377
-0.0690547
-0.0695682
-0.0700782
-0.0705846
-0.0710874
-0.0715867
-0.0720823
-0.0725742
-0.0730624
-0.073547
-0.0740278
-0.0745048
-0.0749781
-0.0754476
-0.0759132
-0.076375
-0.0768329
-0.0772869
-0.077737
-0.0781831
-0.0786253
-0.0790635
-0.0794977
-0.0799278
-0.0803539
-0.0807759
-0.0811938
-0.0816076
-0.0820172
-0.0824227
-0.082824
-0.0832211
-0.0836139
-0.0840026
-0.0843869
-0.084767
-0.0851428
-0.0855143
-0.0858814
-0.0862441
-0.0866025
-0.0869565
-0.0873061
-0.0876512
-0.0879919
-0.0883282
-0.0886599
-0.0889872
-0.0893099
-0.0896281
-0.0899418
-0.0902508
-0.0905554
-0.0908553
-0.0911506
-0.0914413
-0.0917273
-0.0920087
-0.0922854
-0.0925574
-0.0928247
-0.0930874
-0.0933453
-0.0935984
-0.0938468
-0.0940905
-0.0943294
-0.0945634
-0.0947927
-0.0950172
-0.0952369
-0.0954517
-0.0956617
-0.0958668
-0.096067
-0.0962624
-0.0964529
-0.0966385
-0.0968192
-0.096995
-0.0971659
-0.0973318
-0.0974928
-0.0976488
-0.0977999
-0.097946
-0.0980872
-0.0982234
-0.0983546
-0.0984808
-0.098602
-0.0987182
-0.0988294
-0.0989355
-0.0990367
-0.0991328
-0.0992239
-0.09931
-0.099391
-0.099467
-0.0995379
-0.0996038
-0.0996646
-0.0997204
-0.0997711
-0.0998167
-0.0998573
-0.0998928
-0.0999233
-0.0999486
-0.0999689
-0.0999841
-0.0999943
-0.0999994
-0.0999994
-0.0999943
-0.0999841
-0.0999689
-0.0999486
-0.0999233
-0.0998928
-0.0998573
-0.0998167
-0.0997711
-0.0997204
-0.0996646
-0.0996038
-0.0995379
-0.099467
-0.099391
-0.09931
-0.0992239
-0.0991328
-0.0990367
-0.0989355
-0.0988294
-0.0987182
-0.098602
-0.0984808
-0.0983546
-0.0982234
-0.0980872
-0.0979461
-0.0977999
-0.0976488
-0.0974928
-0.0973318
-0.0971659
-0.096995
-0.0968192
-0.0966385
-0.0964529
-0.0962624
-0.0960671
-0.0958668
-0.0956617
-0.0954517
-0.0952369
-0.0950172
-0.0947927
-0.0945635
-0.0943294
-0.0940905
-0.0938469
-0.0935984
-0.0933453
-0.0930874
-0.0928248
-0.0925574
-0.0922854
-0.0920087
-0.0917273
-0.0914413
-0.0911506
-0.0908553
-0.0905554
-0.0902509
-0.0899418
-0.0896281
-0.0893099
-0.0889872
-0.0886599
-0.0883282
-0.087992
-0.0876513
-0.0873061
-0.0869565
-0.0866026
-0.0862442
-0.0858814
-0.0855143
-0.0851428
-0.0847671
-0.084387
-0.0840026
-0.083614
-0.0832211
-0.082824
-0.0824227
-0.0820172
-0.0816076
-0.0811938
-0.0807759
-0.0803539
-0.0799278
-0.0794977
-0.0790635
-0.0786253
-0.0781832
-0.077737
-0.0772869
-0.0768329
-0.076375
-0.0759132
-0.0754476
-0.0749781
-0.0745049
-0.0740278
-0.073547
-0.0730625
-0.0725742
-0.0720823
-0.0715867
-0.0710875
-0.0705847
-0.0700782
-0.0695683
-0.0690548
-0.0685378
-0.0680173
-0.0674934
-0.066966
-0.0664353
-0.0659011
-0.0653637
-0.0648229
-0.0642788
-0.0637314
-0.0631809
-0.0626271
-0.0620701
-0.06151
-0.0609468
-0.0603805
-0.0598111
-0.0592387
-0.0586632
-0.0580848
-0.0575035
-0.0569192
-0.056332
-0.055742
-0.0551492
-0.0545535
-0.0539551
-0.0533539
-0.0527501
-0.0521435
-0.0515344
-0.0509226
-0.0503082
-0.0496912
-0.0490718
-0.0484498
-0.0478254
-0.0471986
-0.0465694
-0.0459378
-0.0453038
-0.0446676
-0.0440291
-0.0433884
-0.0427455
-0.0421004
-0.0414531
-0.0408038
-0.0401524
-0.039499
-0.0388435
-0.0381861
-0.0375267
-0.0368655
-0.0362023
-0.0355374
-0.0348706
-0.034202
-0.0335318
-0.0328598
-0.0321861
-0.0315109
-0.030834
-0.0301555
-0.0294756
-0.0287941
-0.0281111
-0.0274268
-0.026741
-0.0260539
-0.0253655
-0.0246758
-0.0239848
-0.0232926
-0.0225992
-0.0219047
-0.0212091
-0.0205124
-0.0198146
-0.0191159
-0.0184162
-0.0177155
-0.017014
-0.0163115
-0.0156083
-0.0149043
-0.0141995
-0.013494
-0.0127878
-0.0120809
-0.0113734
-0.0106654
-0.00995682
-0.00924773
-0.00853818
-0.00782819
-0.0071178
-0.00640706
-0.00569598
-0.00498462
-0.00427301
-0.00356118
-0.00284917
-0.00213701
-0.00142474
-0.000712408
-3.45889e-08
0.000712339
0.00142468
0.00213694
0.0028491
0.00356111
0.00427294
0.00498455
0.00569592
0.00640699
0.00711773
0.00782812
0.00853811
0.00924766
0.00995675
0.0106653
0.0113734
0.0120808
0.0127877
0.0134939
0.0141994
0.0149042
0.0156082
0.0163115
0.0170139
0.0177155
0.0184161
0.0191158
0.0198146
0.0205123
0.021209
0.0219047
0.0225992
0.0232925
0.0239847
0.0246757
0.0253654
0.0260539
0.026741
0.0274267
0.0281111
0.028794
0.0294755
0.0301555
0.0308339
0.0315108
0.0321861
0.0328597
0.0335317
0.034202
0.0348705
0.0355373
0.0362023
0.0368654
0.0375267
0.038186
0.0388434
0.0394989
0.0401523
0.0408037
0.0414531
0.0421003
0.0427454
0.0433883
0.0440291
0.0446676
0.0453038
0.0459377
0.0465693
0.0471985
0.0478254
0.0484498
0.0490717
0.0496912
0.0503081
0.0509225
0.0515343
0.0521435
0.05275
0.0533539
0.053955
0.0545535
0.0551491
0.055742
0.056332
0.0569191
0.0575034
0.0580848
0.0586632
0.0592386
0.059811
0.0603804
0.0609467
0.06151
0.0620701
0.062627
0.0631808
0.0637314
0.0642787
0.0648228
0.0653636
0.0659011
0.0664352
0.066966
0.0674933
0.0680172
0.0685377
0.0690547
0.0695682
0.0700782
0.0705846
0.0710874
0.0715867
0.0720822
0.0725742
0.0730624
0.073547
0.0740278
0.0745048
0.0749781
0.0754476
0.0759132
0.076375
0.0768329
0.0772869
0.077737
0.0781831
0.0786253
0.0790635
0.0794977
0.0799278
0.0803539
0.0807759
0.0811938
0.0816076
0.0820172
0.0824227
0.082824
0.0832211
0.0836139
0.0840026
0.0843869
0.084767
0.0851428
0.0855143
0.0858814
0.0862441
0.0866025
0.0869565
0.0873061
0.0876512
0.0879919
0.0883282
0.0886599
0.0889872
0.0893099
0.0896281
0.0899418
0.0902508
0.0905554
0.0908553
0.0911506
0.0914412
0.0917273
0.0920087
0.0922854
0.0925574
0.0928247
0.0930874
0.0933453
0.0935984
0.0938468
0.0940905
0.0943294
0.0945634
0.0947927
0.0950172
0.0952369
0.0954517
0.0956617
0.0958668
0.096067
0.0962624
0.0964529
0.0966385
0.0968192
0.096995
0.0971659
0.0973318
0.0974928
0.0976488
0.0977999
0.097946
0.0980872
0.0982234
0.0983546
0.0984808
0.098602
0.0987182
0.0988294
0.0989355
0.0990367
0.0991328
0.0992239
0.09931
0.099391
0.099467
0.0995379
0.0996038
0.0996646
0.0997204
0.0997711
0.0998167
0.0998573
0.0998928
0.0999233
0.0999486
0.0999689
0.0999841
0.0999943
0.0999994
0.0999994
0.0999943
0.0999841
0.0999689
0.0999486
0.0999233
0.0998928
0.0998573
0.0998167
0.0997711
0.0997204
0.0996646
0.0996038
0.0995379
0.099467
0.099391
0.09931
0.0992239
0.0991328
0.0990367
0.0989355
0.0988294
0.0987182
0.098602
0.0984808
0.0983546
0.0982234
0.0980872
0.0979461
0.0977999
0.0976488
0.0974928
0.0973318
0.0971659
0.096995
0.0968192
0.0966385
0.0964529
0.0962624
0.0960671
0.0958668
0.0956617
0.0954517
0.0952369
0.0950172
0.0947927
0.0945635
0.0943294
0.0940905
0.0938469
0.0935984
0.0933453
0.0930874
0.0928248
0.0925574
0.0922854
0.0920087
0.0917273
0.0914413
0.0911506
0.0908553
0.0905554
0.0902509
0.0899418
0.0896281
0.0893099
0.0889872
0.0886599
0.0883282
0.087992
0.0876513
0.0873061
0.0869565
0.0866026
0.0862442
0.0858814
0.0855143
0.0851428
0.0847671
0.084387
0.0840026
0.083614
0.0832211
0.082824
0.0824227
0.0820172
0.0816076
0.0811938
0.0807759
0.0803539
0.0799278
0.0794977
0.0790635
0.0786253
0.0781832
0.077737
0.0772869
0.0768329
0.076375
0.0759132
0.0754476
0.0749781
0.0745049
0.0740278
0.073547
0.0730625
0.0725742
0.0720823
0.0715867
0.0710875
0.0705847
0.0700783
0.0695683
0.0690548
0.0685378
0.0680173
0.0674934
0.066966
0.0664353
0.0659011
0.0653637
0.0648229
0.0642788
0.0637315
0.0631809
0.0626271
0.0620701
0.06151
0.0609468
0.0603805
0.0598111
0.0592387
0.0586632
0.0580848
0.0575035
0.0569192
0.056332
0.055742
0.0551492
0.0545535
0.0539551
0.053354
0.0527501
0.0521436
0.0515344
0.0509226
0.0503082
0.0496912
0.0490718
0.0484498
0.0478254
0.0471986
0.0465694
0.0459378
0.0453038
0.0446676
0.0440291
0.0433884
0.0427455
0.0421004
0.0414532
0.0408038
0.0401524
0.039499
0.0388435
0.0381861
0.0375267
0.0368655
0.0362023
0.0355374
0.0348706
0.0342021
0.0335318
0.0328598
0.0321861
0.0315109
0.030834
0.0301555
0.0294756
0.0287941
0.0281111
0.0274268
0.026741
0.0260539
0.0253655
0.0246758
0.0239848
0.0232926
0.0225992
0.0219047
0.0212091
0.0205124
0.0198147
0.0191159
0.0184162
0.0177155
0.017014
0.0163116
0.0156083
0.0149043
0.0141995
0.013494
0.0127878
0.0120809
0.0113734
0.0106654
0.00995682
0.00924774
0.00853818
0.0078282
0.00711781
0.00640706
0.00569599
0.00498463
0.00427301
0.00356118
0.00284917
0.00213702
0.00142475
0.000712414
4.03537e-08
-0.000712333
-0.00142467
-0.00213693
-0.00284909
-0.0035611
-0.00427293
-0.00498455
-0.00569591
-0.00640698
-0.00711773
-0.00782811
-0.0085381
-0.00924766
-0.00995674
-0.0106653
-0.0113734
-0.0120808
-0.0127877
-0.0134939
-0.0141994
-0.0149042
-0.0156082
-0.0163115
-0.0170139
-0.0177154
-0.0184161
-0.0191158
-0.0198146
-0.0205123
-0.021209
-0.0219047
-0.0225992
-0.0232925
-0.0239847
-0.0246757
-0.0253654
-0.0260539
-0.026741
-0.0274267
-0.0281111
-0.028794
-0.0294755
-0.0301555
-0.0308339
-0.0315108
-0.0321861
-0.0328597
-0.0335317
-0.034202
-0.0348705
-0.0355373
-0.0362023
-0.0368654
-0.0375267
-0.038186
-0.0388434
-0.0394989
-0.0401523
-0.0408037
-0.0414531
-0.0421003
-0.0427454
-0.0433883
-0.0440291
-0.0446676
-0.0453038
-0.0459377
-0.0465693
-0.0471985
-0.0478254
-0.0484498
-0.0490717
-0.0496912
-0.0503081
-0.0509225
-0.0515343
-0.0521435
-0.05275
-0.0533539
-0.053955
-0.0545535
-0.0551491
-0.055742
-0.056332
-0.0569191
-0.0575034
-0.0580848
-0.0586632
-0.0592386
-0.059811
-0.0603804
-0.0609467
-0.06151
-0.0620701
-0.062627
-0.0631808
-0.0637314
-0.0642787
-0.0648228
-0.0653636
-0.0659011
-0.0664352
-0.066966
-0.0674933
-0.0680172
-0.0685377
-0.0690547
-0.0695682
-0.0700782
-0.0705846
-0.0710874
-0.0715867
-0.0720822
-0.0725742
-0.0730624
-0.073547
-0.0740278
-0.0745048
-0.0749781
-0.0754476
-0.0759132
-0.076375
-0.0768329
-0.0772869
-0.077737
-0.0781831
-0.0786253
-0.0790635
-0.0794977
-0.0799278
-0.0803539
-0.0807759
-0.0811938
-0.0816076
-0.0820172
-0.0824227
-0.082824
-0.0832211
-0.0836139
-0.0840026
-0.0843869
-0.084767
-0.0851428
-0.0855143
-0.0858814
-0.0862441
-0.0866025
-0.0869565
-0.0873061
-0.0876512
-0.0879919
-0.0883282
-0.0886599
-0.0889872
-0.0893099
-0.0896281
-0.0899418
-0.0902508
-0.0905554
-0.0908553
-0.0911506
-0.0914412
-0.0917273
-0.0920087
-0.0922854
-0.0925574
-0.0928247
-0.0930874
-0.0933453
-0.0935984
-0.0938468
-0.0940905
-0.0943293
-0.0945634
-0.0947927
-0.0950172
-0.0952369
-0.0954517
-0.0956617
-0.0958668
-0.096067
-0.0962624
-0.0964529
-0.0966385
-0.0968192
-0.096995
-0.0971659
-0.0973318
-0.0974928
-0.0976488
-0.0977999
-0.097946
-0.0980872
-0.0982234
-0.0983546
-0.0984808
-0.098602
-0.0987182
-0.0988294
-0.0989355
-0.0990367
-0.0991328
-0.0992239
-0.09931
-0.099391
-0.099467
-0.0995379
-0.0996038
-0.0996646
-0.0997204
-0.0997711
-0.0998167
-0.0998573
-0.0998928
-0.0999233
-0.0999486
-0.0999689
-0.0999841
-0.0999943
-0.0999994
-0.0999994
-0.0999943
-0.0999841
-0.0999689
-0.0999486
-0.0999233
-0.0998928
-0.0998573
-0.0998167
-0.0997711
-0.0997204
-0.0996646
-0.0996038
-0.0995379
-0.099467
-0.099391
-0.09931
-0.0992239
-0.0991328
-0.0990367
-0.0989356
-0.0988294
-0.0987182
-0.098602
-0.0984808
-0.0983546
-0.0982234
-0.0980872
-0.0979461
-0.0977999
-0.0976488
-0.0974928
-0.0973318
-0.0971659
-0.096995
-0.0968192
-0.0966385
-0.0964529
-0.0962624
-0.0960671
-0.0958668
-0.0956617
-0.0954517
-0.0952369
-0.0950172
-0.0947927
-0.0945635
-0.0943294
-0.0940905
-0.0938469
-0.0935984
-0.0933453
-0.0930874
-0.0928248
-0.0925574
-0.0922854
-0.0920087
-0.0917273
-0.0914413
-0.0911506
-0.0908553
-0.0905554
-0.0902509
-0.0899418
-0.0896281
-0.0893099
-0.0889872
-0.08866
-0.0883282
-0.087992
-0.0876513
-0.0873061
-0.0869566
-0.0866026
-0.0862442
-0.0858814
-0.0855143
-0.0851428
-0.0847671
-0.084387
-0.0840026
-0.083614
-0.0832211
-0.082824
-0.0824227
-0.0820173
-0.0816076
-0.0811938
-0.0807759
-0.0803539
-0.0799278
-0.0794977
-0.0790635
-0.0786254
-0.0781832
-0.077737
-0.077287
-0.0768329
-0.076375
-0.0759133
-0.0754476
-0.0749782
-0.0745049
-0.0740278
-0.073547
-0.0730625
-0.0725742
-0.0720823
-0.0715867
-0.0710875
-0.0705847
-0.0700783
-0.0695683
-0.0690548
-0.0685378
-0.0680173
-0.0674934
-0.066966
-0.0664353
-0.0659011
-0.0653637
-0.0648229
-0.0642788
-0.0637315
-0.0631809
-0.0626271
-0.0620701
-0.06151
-0.0609468
-0.0603805
-0.0598111
-0.0592387
-0.0586632
-0.0580848
-0.0575035
-0.0569192
-0.056332
-0.055742
-0.0551492
-0.0545535
-0.0539551
-0.053354
-0.0527501
-0.0521436
-0.0515344
-0.0509226
-0.0503082
-0.0496913
-0.0490718
-0.0484498
-0.0478254
-0.0471986
-0.0465694
-0.0459378
-0.0453039
-0.0446676
-0.0440291
-0.0433884
-0.0427455
-0.0421004
-0.0414532
-0.0408038
-0.0401524
-0.039499
-0.0388435
-0.0381861
-0.0375267
-0.0368655
-0.0362023
-0.0355374
-0.0348706
-0.0342021
-0.0335318
-0.0328598
-0.0321861
-0.0315109
-0.030834
-0.0301555
-0.0294756
-0.0287941
-0.0281112
-0.0274268
-0.026741
-0.0260539
-0.0253655
-0.0246758
-0.0239848
-0.0232926
-0.0225993
-0.0219047
-0.0212091
-0.0205124
-0.0198147
-0.0191159
-0.0184162
-0.0177155
-0.017014
-0.0163116
-0.0156083
-0.0149043
-0.0141995
-0.013494
-0.0127878
-0.0120809
-0.0113735
-0.0106654
-0.00995683
-0.00924774
-0.00853819
-0.0078282
-0.00711782
-0.00640707
-0.005696
-0.00498463
-0.00427302
-0.00356119
-0.00284918
-0.00213702
-0.00142476
-0.000712419
-4.61185e-08
0.000712327
0.00142466
0.00213693
0.00284909
0.0035611
0.00427293
0.00498454
0.0056959
0.00640698
0.00711772
0.00782811
0.0085381
0.00924765
0.00995674
0.0106653
0.0113734
0.0120808
0.0127877
0.0134939
0.0141994
0.0149042
0.0156082
0.0163115
0.0170139
0.0177154
0.0184161
0.0191158
0.0198146
0.0205123
0.021209
0.0219046
0.0225992
0.0232925
0.0239847
0.0246757
0.0253654
0.0260538
0.026741
0.0274267
0.0281111
0.028794
0.0294755
0.0301554
0.0308339
0.0315108
0.0321861
0.0328597
0.0335317
0.034202
0.0348705
0.0355373
0.0362023
0.0368654
0.0375267
0.038186
0.0388434
0.0394989
0.0401523
0.0408037
0.0414531
0.0421003
0.0427454
0.0433883
0.0440291
0.0446675
0.0453038
0.0459377
0.0465693
0.0471985
0.0478254
0.0484498
0.0490717
0.0496912
0.0503081
0.0509225
0.0515343
0.0521435
0.05275
0.0533539
0.053955
0.0545535
0.0551491
0.0557419
0.056332
0.0569191
0.0575034
0.0580848
0.0586632
0.0592386
0.059811
0.0603804
0.0609467
0.06151
0.0620701
0.062627
0.0631808
0.0637314
0.0642787
0.0648228
0.0653636
0.0659011
0.0664352
0.0669659
0.0674933
0.0680172
0.0685377
0.0690547
0.0695682
0.0700782
0.0705846
0.0710874
0.0715867
0.0720822
0.0725742
0.0730624
0.073547
0.0740278
0.0745048
0.0749781
0.0754476
0.0759132
0.076375
0.0768329
0.0772869
0.077737
0.0781831
0.0786253
0.0790635
0.0794976
0.0799278
0.0803539
0.0807759
0.0811938
0.0816076
0.0820172
0.0824227
0.082824
0.0832211
0.0836139
0.0840026
0.0843869
0.084767
0.0851428
0.0855143
0.0858814
0.0862441
0.0866025
0.0869565
0.0873061
0.0876512
0.0879919
0.0883282
0.0886599
0.0889872
0.0893099
0.0896281
0.0899418
0.0902508
0.0905553
0.0908553
0.0911506
0.0914412
0.0917273
0.0920087
0.0922854
0.0925574
0.0928247
0.0930874
0.0933453
0.0935984
0.0938468
0.0940905
0.0943293
0.0945634
0.0947927
0.0950172
0.0952369
0.0954517
0.0956617
0.0958668
0.096067
0.0962624
0.0964529
0.0966385
0.0968192
0.096995
0.0971659
0.0973318
0.0974928
0.0976488
0.0977999
0.097946
0.0980872
0.0982234
0.0983546
0.0984808
0.098602
0.0987182
0.0988294
0.0989355
0.0990367
0.0991328
0.0992239
0.09931
0.099391
0.099467
0.0995379
0.0996038
0.0996646
0.0997204
0.0997711
0.0998167
0.0998573
0.0998928
0.0999233
0.0999486
0.0999689
0.0999841
0.0999943
0.0999994
0.0999994
0.0999943
0.0999841
0.0999689
0.0999486
0.0999233
0.0998928
0.0998573
0.0998167
0.0997711
0.0997204
0.0996646
0.0996038
0.0995379
0.099467
0.099391
0.09931
0.0992239
0.0991328
0.0990367
0.0989356
0.0988294
0.0987182
0.098602
0.0984808
0.0983546
0.0982234
0.0980872
0.0979461
0.0977999
0.0976488
0.0974928
0.0973318
0.0971659
0.096995
0.0968192
0.0966385
0.0964529
0.0962624
0.0960671
0.0958668
0.0956617
0.0954517
0.0952369
0.0950172
0.0947928
0.0945635
0.0943294
0.0940905
0.0938469
0.0935985
0.0933453
0.0930874
0.0928248
0.0925574
0.0922854
0.0920087
0.0917273
0.0914413
0.0911506
0.0908553
0.0905554
0.0902509
0.0899418
0.0896281
0.0893099
0.0889872
0.08866
0.0883282
0.087992
0.0876513
0.0873061
0.0869566
0.0866026
0.0862442
0.0858814
0.0855143
0.0851428
0.0847671
0.084387
0.0840026
0.083614
0.0832211
0.082824
0.0824227
0.0820173
0.0816076
0.0811938
0.0807759
0.0803539
0.0799278
0.0794977
0.0790635
0.0786254
0.0781832
0.077737
0.077287
0.0768329
0.076375
0.0759133
0.0754476
0.0749782
0.0745049
0.0740278
0.073547
0.0730625
0.0725742
0.0720823
0.0715867
0.0710875
0.0705847
0.0700783
0.0695683
0.0690548
0.0685378
0.0680173
0.0674934
0.066966
0.0664353
0.0659011
0.0653637
0.0648229
0.0642788
0.0637315
0.0631809
0.0626271
0.0620701
0.06151
0.0609468
0.0603805
0.0598111
0.0592387
0.0586632
0.0580848
0.0575035
0.0569192
0.056332
0.055742
0.0551492
0.0545535
0.0539551
0.053354
0.0527501
0.0521436
0.0515344
0.0509226
0.0503082
0.0496913
0.0490718
0.0484499
0.0478254
0.0471986
0.0465694
0.0459378
0.0453039
0.0446676
0.0440291
0.0433884
0.0427455
0.0421004
0.0414532
0.0408038
0.0401524
0.039499
0.0388435
0.0381861
0.0375267
0.0368655
0.0362024
0.0355374
0.0348706
0.0342021
0.0335318
0.0328598
0.0321862
0.0315109
0.030834
0.0301555
0.0294756
0.0287941
0.0281112
0.0274268
0.026741
0.0260539
0.0253655
0.0246758
0.0239848
0.0232926
0.0225993
0.0219047
0.0212091
0.0205124
0.0198147
0.0191159
0.0184162
0.0177155
0.017014
0.0163116
0.0156083
0.0149043
0.0141995
0.013494
0.0127878
0.0120809
0.0113735
0.0106654
0.00995684
0.00924775
0.0085382
0.00782821
0.00711782
0.00640707
0.005696
0.00498464
0.00427303
0.0035612
0.00284918
0.00213703
0.00142476
0.000712425
5.18833e-08
-0.000712321
-0.00142466
-0.00213692
-0.00284908
-0.00356109
-0.00427292
-0.00498454
-0.0056959
-0.00640697
-0.00711772
-0.0078281
-0.00853809
-0.00924765
-0.00995673
-0.0106653
-0.0113734
-0.0120808
-0.0127877
-0.0134939
-0.0141994
-0.0149042
-0.0156082
-0.0163115
-0.0170139
-0.0177154
-0.0184161
-0.0191158
-0.0198146
-0.0205123
-0.021209
-0.0219046
-0.0225992
-0.0232925
-0.0239847
-0.0246757
-0.0253654
-0.0260538
-0.0267409
-0.0274267
-0.0281111
-0.028794
-0.0294755
-0.0301554
-0.0308339
-0.0315108
-0.0321861
-0.0328597
-0.0335317
-0.034202
-0.0348705
-0.0355373
-0.0362023
-0.0368654
-0.0375267
-0.038186
-0.0388434
-0.0394989
-0.0401523
-0.0408037
-0.0414531
-0.0421003
-0.0427454
-0.0433883
-0.0440291
-0.0446675
-0.0453038
-0.0459377
-0.0465693
-0.0471985
-0.0478254
-0.0484498
-0.0490717
-0.0496912
-0.0503081
-0.0509225
-0.0515343
-0.0521435
-0.05275
-0.0533539
-0.053955
-0.0545534
-0.0551491
-0.0557419
-0.056332
-0.0569191
-0.0575034
-0.0580848
-0.0586632
-0.0592386
-0.059811
-0.0603804
-0.0609467
-0.06151
-0.0620701
-0.062627
-0.0631808
-0.0637314
-0.0642787
-0.0648228
-0.0653636
-0.0659011
-0.0664352
-0.0669659
-0.0674933
-0.0680172
-0.0685377
-0.0690547
-0.0695682
-0.0700782
-0.0705846
-0.0710874
-0.0715866
-0.0720822
-0.0725742
-0.0730624
-0.073547
-0.0740278
-0.0745048
-0.0749781
-0.0754476
-0.0759132
-0.076375
-0.0768329
-0.0772869
-0.077737
-0.0781831
-0.0786253
-0.0790635
-0.0794976
-0.0799278
-0.0803539
-0.0807759
-0.0811938
-0.0816076
-0.0820172
-0.0824227
-0.082824
-0.0832211
-0.0836139
-0.0840026
-0.0843869
-0.084767
-0.0851428
-0.0855142
-0.0858814
-0.0862441
-0.0866025
-0.0869565
-0.0873061
-0.0876512
-0.0879919
-0.0883282
-0.0886599
-0.0889872
-0.0893099
-0.0896281
-0.0899417
-0.0902508
-0.0905553
-0.0908553
-0.0911506
-0.0914412
-0.0917273
-0.0920087
-0.0922854
-0.0925574
-0.0928247
-0.0930874
-0.0933453
-0.0935984
-0.0938468
-0.0940905
-0.0943293
-0.0945634
-0.0947927
-0.0950172
-0.0952368
-0.0954517
-0.0956616
-0.0958668
-0.096067
-0.0962624
-0.0964529
-0.0966385
-0.0968192
-0.096995
-0.0971659
-0.0973318
-0.0974928
-0.0976488
-0.0977999
-0.097946
-0.0980872
-0.0982234
-0.0983546
-0.0984808
-0.098602
-0.0987182
-0.0988294
-0.0989355
-0.0990367
-0.0991328
-0.0992239
-0.09931
-0.099391
-0.099467
-0.0995379
-0.0996038
-0.0996646
-0.0997204
-0.0997711
-0.0998167
-0.0998573
-0.0998928
-0.0999233
-0.0999486
-0.0999689
-0.0999841
-0.0999943
-0.0999994
-0.0999994
-0.0999943
-0.0999841
-0.0999689
-0.0999486
-0.0999233
-0.0998928
-0.0998573
-0.0998167
-0.0997711
-0.0997204
-0.0996646
-0.0996038
-0.0995379
-0.099467
-0.099391
-0.09931
-0.0992239
-0.0991328
-0.0990367
-0.0989356
-0.0988294
-0.0987182
-0.098602
-0.0984808
-0.0983546
-0.0982234
-0.0980872
-0.0979461
-0.0977999
-0.0976488
-0.0974928
-0.0973318
-0.0971659
-0.096995
-0.0968192
-0.0966385
-0.0964529
-0.0962624
-0.0960671
-0.0958668
-0.0956617
-0.0954517
-0.0952369
-0.0950172
-0.0947928
-0.0945635
-0.0943294
-0.0940905
-0.0938469
-0.0935985
-0.0933453
-0.0930874
-0.0928248
-0.0925574
-0.0922854
-0.0920087
-0.0917273
-0.0914413
-0.0911506
-0.0908553
-0.0905554
-0.0902509
-0.0899418
-0.0896281
-0.0893099
-0.0889872
-0.08866
-0.0883282
-0.087992
-0.0876513
-0.0873061
-0.0869566
-0.0866026
-0.0862442
-0.0858814
-0.0855143
-0.0851428
-0.0847671
-0.084387
-0.0840026
-0.083614
-0.0832211
-0.082824
-0.0824227
-0.0820173
-0.0816076
-0.0811938
-0.0807759
-0.0803539
-0.0799278
-0.0794977
-0.0790635
-0.0786254
-0.0781832
-0.077737
-0.077287
-0.0768329
-0.076375
-0.0759133
-0.0754476
-0.0749782
-0.0745049
-0.0740278
-0.073547
-0.0730625
-0.0725742
-0.0720823
-0.0715867
-0.0710875
-0.0705847
-0.0700783
-0.0695683
-0.0690548
-0.0685378
-0.0680173
-0.0674934
-0.066966
-0.0664353
-0.0659011
-0.0653637
-0.0648229
-0.0642788
-0.0637315
-0.0631809
-0.0626271
-0.0620702
-0.06151
-0.0609468
-0.0603805
-0.0598111
-0.0592387
-0.0586632
-0.0580848
-0.0575035
-0.0569192
-0.0563321
-0.055742
-0.0551492
-0.0545535
-0.0539551
-0.053354
-0.0527501
-0.0521436
-0.0515344
-0.0509226
-0.0503082
-0.0496913
-0.0490718
-0.0484499
-0.0478254
-0.0471986
-0.0465694
-0.0459378
-0.0453039
-0.0446676
-0.0440292
-0.0433884
-0.0427455
-0.0421004
-0.0414532
-0.0408038
-0.0401524
-0.039499
-0.0388435
-0.0381861
-0.0375268
-0.0368655
-0.0362024
-0.0355374
-0.0348706
-0.0342021
-0.0335318
-0.0328598
-0.0321862
-0.0315109
-0.030834
-0.0301555
-0.0294756
-0.0287941
-0.0281112
-0.0274268
-0.0267411
-0.0260539
-0.0253655
-0.0246758
-0.0239848
-0.0232926
-0.0225993
-0.0219047
-0.0212091
-0.0205124
-0.0198147
-0.0191159
-0.0184162
-0.0177155
-0.017014
-0.0163116
-0.0156083
-0.0149043
-0.0141995
-0.013494
-0.0127878
-0.0120809
-0.0113735
-0.0106654
-0.00995684
-0.00924776
-0.0085382
-0.00782821
-0.00711783
-0.00640708
-0.00569601
-0.00498465
-0.00427303
-0.0035612
-0.00284919
-0.00213703
-0.00142477
-0.000712431
-5.76481e-08
0.000712316
0.00142465
0.00213692
0.00284907
0.00356109
0.00427292
0.00498453
0.00569589
0.00640696
0.00711771
0.0078281
0.00853809
0.00924764
0.00995673
0.0106653
0.0113733
0.0120808
0.0127877
0.0134939
0.0141994
0.0149042
0.0156082
0.0163115
0.0170139
0.0177154
0.0184161
0.0191158
0.0198146
0.0205123
0.021209
0.0219046
0.0225992
0.0232925
0.0239847
0.0246757
0.0253654
0.0260538
0.0267409
0.0274267
0.0281111
0.028794
0.0294755
0.0301554
0.0308339
0.0315108
0.032186
0.0328597
0.0335317
0.034202
0.0348705
0.0355373
0.0362022
0.0368654
0.0375266
0.038186
0.0388434
0.0394989
0.0401523
0.0408037
0.0414531
0.0421003
0.0427454
0.0433883
0.044029
0.0446675
0.0453038
0.0459377
0.0465693
0.0471985
0.0478253
0.0484498
0.0490717
0.0496912
0.0503081
0.0509225
0.0515343
0.0521435
0.05275
0.0533539
0.053955
0.0545534
0.0551491
0.0557419
0.056332
0.0569191
0.0575034
0.0580847
0.0586632
0.0592386
0.059811
0.0603804
0.0609467
0.06151
0.0620701
0.062627
0.0631808
0.0637314
0.0642787
0.0648228
0.0653636
0.0659011
0.0664352
0.0669659
0.0674933
0.0680172
0.0685377
0.0690547
0.0695682
0.0700782
0.0705846
0.0710874
0.0715866
0.0720822
0.0725742
0.0730624
0.073547
0.0740278
0.0745048
0.0749781
0.0754475
0.0759132
0.076375
0.0768329
0.0772869
0.077737
0.0781831
0.0786253
0.0790635
0.0794976
0.0799278
0.0803539
0.0807759
0.0811938
0.0816076
0.0820172
0.0824227
0.082824
0.0832211
0.0836139
0.0840026
0.0843869
0.084767
0.0851428
0.0855142
0.0858814
0.0862441
0.0866025
0.0869565
0.0873061
0.0876512
0.0879919
0.0883282
0.0886599
0.0889872
0.0893099
0.0896281
0.0899417
0.0902508
0.0905553
0.0908553
0.0911506
0.0914412
0.0917273
0.0920087
0.0922854
0.0925574
0.0928247
0.0930874
0.0933453
0.0935984
0.0938468
0.0940905
0.0943293
0.0945634
0.0947927
0.0950172
0.0952368
0.0954517
0.0956616
0.0958668
0.096067
0.0962624
0.0964529
0.0966385
0.0968192
0.096995
0.0971659
0.0973318
0.0974928
0.0976488
0.0977999
0.097946
0.0980872
0.0982234
0.0983546
0.0984808
0.098602
0.0987182
0.0988294
0.0989355
0.0990367
0.0991328
0.0992239
0.09931
0.099391
0.099467
0.0995379
0.0996038
0.0996646
0.0997204
0.0997711
0.0998167
0.0998573
0.0998928
0.0999233
0.0999486
0.0999689
0.0999841
0.0999943
0.0999994
0.0999994
0.0999943
0.0999841
0.0999689
0.0999486
0.0999233
0.0998928
0.0998573
0.0998167
0.0997711
0.0997204
0.0996646
0.0996038
0.0995379
0.099467
0.099391
0.09931
0.0992239
0.0991328
0.0990367
0.0989356
0.0988294
0.0987182
0.098602
0.0984808
0.0983546
0.0982234
0.0980872
0.0979461
0.0977999
0.0976488
0.0974928
0.0973318
0.0971659
0.096995
0.0968192
0.0966385
0.0964529
0.0962624
0.0960671
0.0958668
0.0956617
0.0954517
0.0952369
0.0950172
0.0947928
0.0945635
0.0943294
0.0940905
0.0938469
0.0935985
0.0933453
0.0930874
0.0928248
0.0925574
0.0922854
0.0920087
0.0917273
0.0914413
0.0911506
0.0908553
0.0905554
0.0902509
0.0899418
0.0896281
0.0893099
0.0889872
0.08866
0.0883282
0.087992
0.0876513
0.0873061
0.0869566
0.0866026
0.0862442
0.0858814
0.0855143
0.0851429
0.0847671
0.084387
0.0840026
0.083614
0.0832211
0.082824
0.0824227
0.0820173
0.0816076
0.0811938
0.0807759
0.0803539
0.0799279
0.0794977
0.0790635
0.0786254
0.0781832
0.077737
0.077287
0.076833
0.076375
0.0759133
0.0754476
0.0749782
0.0745049
0.0740278
0.073547
0.0730625
0.0725742
0.0720823
0.0715867
0.0710875
0.0705847
0.0700783
0.0695683
0.0690548
0.0685378
0.0680173
0.0674934
0.066966
0.0664353
0.0659011
0.0653637
0.0648229
0.0642788
0.0637315
0.0631809
0.0626271
0.0620702
0.06151
0.0609468
0.0603805
0.0598111
0.0592387
0.0586633
0.0580848
0.0575035
0.0569192
0.0563321
0.055742
0.0551492
0.0545535
0.0539551
0.053354
0.0527501
0.0521436
0.0515344
0.0509226
0.0503082
0.0496913
0.0490718
0.0484499
0.0478255
0.0471986
0.0465694
0.0459378
0.0453039
0.0446676
0.0440292
0.0433884
0.0427455
0.0421004
0.0414532
0.0408038
0.0401524
0.039499
0.0388435
0.0381861
0.0375268
0.0368655
0.0362024
0.0355374
0.0348706
0.0342021
0.0335318
0.0328598
0.0321862
0.0315109
0.030834
0.0301556
0.0294756
0.0287941
0.0281112
0.0274268
0.0267411
0.026054
0.0253655
0.0246758
0.0239848
0.0232926
0.0225993
0.0219048
0.0212091
0.0205124
0.0198147
0.0191159
0.0184162
0.0177155
0.017014
0.0163116
0.0156083
0.0149043
0.0141995
0.013494
0.0127878
0.0120809
0.0113735
0.0106654
0.00995685
0.00924776
0.00853821
0.00782822
0.00711783
0.00640709
0.00569601
0.00498465
0.00427304
0.00356121
0.00284919
0.00213704
0.00142477
0.000712437
6.34129e-08
-0.00071231
-0.00142465
-0.00213691
-0.00284907
-0.00356108
-0.00427291
-0.00498453
-0.00569589
-0.00640696
-0.00711771
-0.00782809
-0.00853808
-0.00924764
-0.00995672
-0.0106653
-0.0113733
-0.0120808
-0.0127877
-0.0134939
-0.0141994
-0.0149042
-0.0156082
-0.0163114
-0.0170139
-0.0177154
-0.0184161
-0.0191158
-0.0198146
-0.0205123
-0.021209
-0.0219046
-0.0225991
-0.0232925
-0.0239847
-0.0246757
-0.0253654
-0.0260538
-0.0267409
-0.0274267
-0.0281111
-0.028794
-0.0294755
-0.0301554
-0.0308339
-0.0315108
-0.032186
-0.0328597
-0.0335317
-0.034202
-0.0348705
-0.0355373
-0.0362022
-0.0368654
-0.0375266
-0.038186
-0.0388434
-0.0394989
-0.0401523
-0.0408037
-0.0414531
-0.0421003
-0.0427454
-0.0433883
-0.044029
-0.0446675
-0.0453038
-0.0459377
-0.0465693
-0.0471985
-0.0478253
-0.0484498
-0.0490717
-0.0496912
-0.0503081
-0.0509225
-0.0515343
-0.0521435
-0.05275
-0.0533539
-0.053955
-0.0545534
-0.0551491
-0.0557419
-0.056332
-0.0569191
-0.0575034
-0.0580847
-0.0586631
-0.0592386
-0.059811
-0.0603804
-0.0609467
-0.0615099
-0.0620701
-0.062627
-0.0631808
-0.0637314
-0.0642787
-0.0648228
-0.0653636
-0.0659011
-0.0664352
-0.0669659
-0.0674933
-0.0680172
-0.0685377
-0.0690547
-0.0695682
-0.0700782
-0.0705846
-0.0710874
-0.0715866
-0.0720822
-0.0725742
-0.0730624
-0.0735469
-0.0740278
-0.0745048
-0.0749781
-0.0754475
-0.0759132
-0.076375
-0.0768329
-0.0772869
-0.077737
-0.0781831
-0.0786253
-0.0790635
-0.0794976
-0.0799278
-0.0803539
-0.0807759
-0.0811938
-0.0816075
-0.0820172
-0.0824227
-0.082824
-0.0832211
-0.0836139
-0.0840026
-0.0843869
-0.084767
-0.0851428
-0.0855142
-0.0858814
-0.0862441
-0.0866025
-0.0869565
-0.0873061
-0.0876512
-0.0879919
-0.0883282
-0.0886599
-0.0889872
-0.0893099
-0.0896281
-0.0899417
-0.0902508
-0.0905553
-0.0908553
-0.0911506
-0.0914412
-0.0917273
-0.0920087
-0.0922854
-0.0925574
-0.0928247
-0.0930874
-0.0933452
-0.0935984
-0.0938468
-0.0940905
-0.0943293
-0.0945634
-0.0947927
-0.0950172
-0.0952368
-0.0954517
-0.0956616
-0.0958668
-0.096067
-0.0962624
-0.0964529
-0.0966385
-0.0968192
-0.096995
-0.0971659
-0.0973318
-0.0974928
-0.0976488
-0.0977999
-0.097946
-0.0980872
-0.0982234
-0.0983546
-0.0984808
-0.098602
-0.0987182
-0.0988294
-0.0989355
-0.0990367
-0.0991328
-0.0992239
-0.09931
-0.099391
-0.099467
-0.0995379
-0.0996038
-0.0996646
-0.0997204
-0.0997711
-0.0998167
-0.0998573
-0.0998928
-0.0999233
-0.0999486
-0.0999689
-0.0999841
-0.0999943
-0.0999994
-0.0999994
-0.0999943
-0.0999841
-0.0999689
-0.0999486
-0.0999233
-0.0998928
-0.0998573
-0.0998167
-0.0997711
-0.0997204
-0.0996646
-0.0996038
-0.0995379
-0.099467
-0.099391
-0.09931
-0.0992239
-0.0991328
-0.0990367
-0.0989356
-0.0988294
-0.0987182
-0.098602
-0.0984808
-0.0983546
-0.0982234
-0.0980872
-0.0979461
-0.0977999
-0.0976489
-0.0974928
-0.0973318
-0.0971659
-0.096995
-0.0968192
-0.0966385
-0.0964529
-0.0962624
-0.0960671
-0.0958668
-0.0956617
-0.0954517
-0.0952369
-0.0950172
-0.0947928
-0.0945635
-0.0943294
-0.0940905
-0.0938469
-0.0935985
-0.0933453
-0.0930874
-0.0928248
-0.0925574
-0.0922854
-0.0920087
-0.0917273
-0.0914413
-0.0911506
-0.0908553
-0.0905554
-0.0902509
-0.0899418
-0.0896281
-0.0893099
-0.0889872
-0.08866
-0.0883282
-0.087992
-0.0876513
-0.0873061
-0.0869566
-0.0866026
-0.0862442
-0.0858814
-0.0855143
-0.0851429
-0.0847671
-0.084387
-0.0840026
-0.083614
-0.0832211
-0.082824
-0.0824227
-0.0820173
-0.0816076
-0.0811938
-0.0807759
-0.0803539
-0.0799279
-0.0794977
-0.0790635
-0.0786254
-0.0781832
-0.0777371
-0.077287
-0.076833
-0.076375
-0.0759133
-0.0754476
-0.0749782
-0.0745049
-0.0740278
-0.073547
-0.0730625
-0.0725743
-0.0720823
-0.0715867
-0.0710875
-0.0705847
-0.0700783
-0.0695683
-0.0690548
-0.0685378
-0.0680173
-0.0674934
-0.066966
-0.0664353
-0.0659012
-0.0653637
-0.0648229
-0.0642788
-0.0637315
-0.0631809
-0.0626271
-0.0620702
-0.0615101
-0.0609468
-0.0603805
-0.0598111
-0.0592387
-0.0586633
-0.0580848
-0.0575035
-0.0569192
-0.0563321
-0.055742
-0.0551492
-0.0545535
-0.0539551
-0.053354
-0.0527501
-0.0521436
-0.0515344
-0.0509226
-0.0503082
-0.0496913
-0.0490718
-0.0484499
-0.0478255
-0.0471986
-0.0465694
-0.0459378
-0.0453039
-0.0446677
-0.0440292
-0.0433884
-0.0427455
-0.0421004
-0.0414532
-0.0408038
-0.0401524
-0.039499
-0.0388435
-0.0381861
-0.0375268
-0.0368655
-0.0362024
-0.0355374
-0.0348706
-0.0342021
-0.0335318
-0.0328598
-0.0321862
-0.0315109
-0.030834
-0.0301556
-0.0294756
-0.0287941
-0.0281112
-0.0274268
-0.0267411
-0.026054
-0.0253655
-0.0246758
-0.0239848
-0.0232926
-0.0225993
-0.0219048
-0.0212091
-0.0205124
-0.0198147
-0.0191159
-0.0184162
-0.0177156
-0.017014
-0.0163116
-0.0156083
-0.0149043
-0.0141995
-0.013494
-0.0127878
-0.0120809
-0.0113735
-0.0106654
-0.00995685
-0.00924777
-0.00853821
-0.00782822
-0.00711784
-0.00640709
-0.00569602
-0.00498466
-0.00427304
-0.00356121
-0.0028492
-0.00213704
-0.00142478
-0.000712442
-6.91777e-08
0.000712304
0.00142464
0.00213691
0.00284906
0.00356107
0.00427291
0.00498452
0.00569588
0.00640695
0.0071177
0.00782809
0.00853807
0.00924763
0.00995672
0.0106653
0.0113733
0.0120808
0.0127876
0.0134938
0.0141994
0.0149042
0.0156082
0.0163114
0.0170139
0.0177154
0.0184161
0.0191158
0.0198145
0.0205123
0.021209
0.0219046
0.0225991
0.0232925
0.0239847
0.0246757
0.0253654
0.0260538
0.0267409
0.0274267
0.028111
0.028794
0.0294755
0.0301554
0.0308339
0.0315108
0.032186
0.0328597
0.0335317
0.0342019
0.0348705
0.0355373
0.0362022
0.0368654
0.0375266
0.038186
0.0388434
0.0394989
0.0401523
0.0408037
0.0414531
0.0421003
0.0427454
0.0433883
0.044029
0.0446675
0.0453038
0.0459377
0.0465693
0.0471985
0.0478253
0.0484497
0.0490717
0.0496912
0.0503081
0.0509225
0.0515343
0.0521435
0.05275
0.0533539
0.053955
0.0545534
0.0551491
0.0557419
0.0563319
0.0569191
0.0575034
0.0580847
0.0586631
0.0592386
0.059811
0.0603804
0.0609467
0.0615099
0.0620701
0.062627
0.0631808
0.0637314
0.0642787
0.0648228
0.0653636
0.065901
0.0664352
0.0669659
0.0674933
0.0680172
0.0685377
0.0690547
0.0695682
0.0700782
0.0705846
0.0710874
0.0715866
0.0720822
0.0725742
0.0730624
0.0735469
0.0740278
0.0745048
0.0749781
0.0754475
0.0759132
0.076375
0.0768329
0.0772869
0.077737
0.0781831
0.0786253
0.0790635
0.0794976
0.0799278
0.0803539
0.0807759
0.0811938
0.0816075
0.0820172
0.0824227
0.082824
0.0832211
0.0836139
0.0840026
0.0843869
0.084767
0.0851428
0.0855142
0.0858814
0.0862441
0.0866025
0.0869565
0.0873061
0.0876512
0.0879919
0.0883281
0.0886599
0.0889871
0.0893099
0.0896281
0.0899417
0.0902508
0.0905553
0.0908553
0.0911506
0.0914412
0.0917273
0.0920087
0.0922854
0.0925574
0.0928247
0.0930874
0.0933452
0.0935984
0.0938468
0.0940905
0.0943293
0.0945634
0.0947927
0.0950172
0.0952368
0.0954517
0.0956616
0.0958668
0.096067
0.0962624
0.0964529
0.0966385
0.0968192
0.096995
0.0971659
0.0973318
0.0974928
0.0976488
0.0977999
0.097946
0.0980872
0.0982234
0.0983546
0.0984808
0.098602
0.0987182
0.0988294
0.0989355
0.0990367
0.0991328
0.0992239
0.09931
0.099391
0.099467
0.0995379
0.0996038
0.0996646
0.0997204
0.0997711
0.0998167
0.0998573
0.0998928
0.0999233
0.0999486
0.0999689
0.0999841
0.0999943
0.0999994
0.0999994
0.0999943
0.0999841
0.0999689
0.0999486
0.0999233
0.0998928
0.0998573
0.0998167
0.0997711
0.0997204
0.0996646
0.0996038
0.0995379
0.099467
0.099391
0.09931
0.0992239
0.0991328
0.0990367
0.0989356
0.0988294
0.0987182
0.098602
0.0984808
0.0983546
0.0982234
0.0980872
0.0979461
0.0977999
0.0976489
0.0974928
0.0973318
0.0971659
0.096995
0.0968192
0.0966385
0.0964529
0.0962624
0.0960671
0.0958668
0.0956617
0.0954517
0.0952369
0.0950172
0.0947928
0.0945635
0.0943294
0.0940905
0.0938469
0.0935985
0.0933453
0.0930874
0.0928248
0.0925575
0.0922854
0.0920087
0.0917273
0.0914413
0.0911506
0.0908553
0.0905554
0.0902509
0.0899418
0.0896282
0.0893099
0.0889872
0.08866
0.0883282
0.087992
0.0876513
0.0873061
0.0869566
0.0866026
0.0862442
0.0858814
0.0855143
0.0851429
0.0847671
0.084387
0.0840026
0.083614
0.0832211
0.082824
0.0824227
0.0820173
0.0816076
0.0811938
0.0807759
0.0803539
0.0799279
0.0794977
0.0790636
0.0786254
0.0781832
0.0777371
0.077287
0.076833
0.0763751
0.0759133
0.0754476
0.0749782
0.0745049
0.0740279
0.073547
0.0730625
0.0725743
0.0720823
0.0715867
0.0710875
0.0705847
0.0700783
0.0695683
0.0690548
0.0685378
0.0680173
0.0674934
0.066966
0.0664353
0.0659012
0.0653637
0.0648229
0.0642788
0.0637315
0.0631809
0.0626271
0.0620702
0.0615101
0.0609468
0.0603805
0.0598111
0.0592387
0.0586633
0.0580849
0.0575035
0.0569192
0.0563321
0.055742
0.0551492
0.0545536
0.0539551
0.053354
0.0527501
0.0521436
0.0515344
0.0509226
0.0503082
0.0496913
0.0490718
0.0484499
0.0478255
0.0471986
0.0465694
0.0459378
0.0453039
0.0446677
0.0440292
0.0433884
0.0427455
0.0421004
0.0414532
0.0408038
0.0401524
0.039499
0.0388435
0.0381861
0.0375268
0.0368655
0.0362024
0.0355374
0.0348706
0.0342021
0.0335318
0.0328598
0.0321862
0.0315109
0.030834
0.0301556
0.0294756
0.0287941
0.0281112
0.0274268
0.0267411
0.026054
0.0253655
0.0246758
0.0239848
0.0232927
0.0225993
0.0219048
0.0212091
0.0205124
0.0198147
0.0191159
0.0184162
0.0177156
0.017014
0.0163116
0.0156083
0.0149043
0.0141995
0.013494
0.0127878
0.0120809
0.0113735
0.0106654
0.00995686
0.00924777
0.00853822
0.00782823
0.00711784
0.0064071
0.00569602
0.00498466
0.00427305
0.00356122
0.00284921
0.00213705
0.00142479
0.000712448
7.49426e-08
-0.000712298
-0.00142464
-0.0021369
-0.00284906
-0.00356107
-0.0042729
-0.00498451
-0.00569587
-0.00640695
-0.00711769
-0.00782808
-0.00853807
-0.00924762
-0.00995671
-0.0106653
-0.0113733
-0.0120808
-0.0127876
-0.0134938
-0.0141994
-0.0149042
-0.0156082
-0.0163114
-0.0170139
-0.0177154
-0.0184161
-0.0191158
-0.0198145
-0.0205123
-0.021209
-0.0219046
-0.0225991
-0.0232925
-0.0239847
-0.0246757
-0.0253654
-0.0260538
-0.0267409
-0.0274267
-0.028111
-0.028794
-0.0294754
-0.0301554
-0.0308339
-0.0315108
-0.032186
-0.0328597
-0.0335317
-0.0342019
-0.0348705
-0.0355373
-0.0362022
-0.0368654
-0.0375266
-0.038186
-0.0388434
-0.0394989
-0.0401523
-0.0408037
-0.041453
-0.0421003
-0.0427454
-0.0433883
-0.044029
-0.0446675
-0.0453037
-0.0459377
-0.0465693
-0.0471985
-0.0478253
-0.0484497
-0.0490717
-0.0496911
-0.0503081
-0.0509225
-0.0515343
-0.0521435
-0.05275
-0.0533539
-0.053955
-0.0545534
-0.0551491
-0.0557419
-0.0563319
-0.0569191
-0.0575034
-0.0580847
-0.0586631
-0.0592386
-0.059811
-0.0603804
-0.0609467
-0.0615099
-0.06207
-0.062627
-0.0631808
-0.0637314
-0.0642787
-0.0648228
-0.0653636
-0.065901
-0.0664352
-0.0669659
-0.0674933
-0.0680172
-0.0685377
-0.0690547
-0.0695682
-0.0700782
-0.0705846
-0.0710874
-0.0715866
-0.0720822
-0.0725742
-0.0730624
-0.0735469
-0.0740277
-0.0745048
-0.0749781
-0.0754475
-0.0759132
-0.076375
-0.0768329
-0.0772869
-0.077737
-0.0781831
-0.0786253
-0.0790635
-0.0794976
-0.0799278
-0.0803538
-0.0807759
-0.0811938
-0.0816075
-0.0820172
-0.0824227
-0.082824
-0.0832211
-0.0836139
-0.0840026
-0.0843869
-0.084767
-0.0851428
-0.0855142
-0.0858814
-0.0862441
-0.0866025
-0.0869565
-0.0873061
-0.0876512
-0.0879919
-0.0883281
-0.0886599
-0.0889871
-0.0893099
-0.0896281
-0.0899417
-0.0902508
-0.0905553
-0.0908553
-0.0911506
-0.0914412
-0.0917273
-0.0920087
-0.0922854
-0.0925574
-0.0928247
-0.0930873
-0.0933452
-0.0935984
-0.0938468
-0.0940905
-0.0943293
-0.0945634
-0.0947927
-0.0950172
-0.0952368
-0.0954517
-0.0956616
-0.0958668
-0.096067
-0.0962624
-0.0964529
-0.0966385
-0.0968192
-0.096995
-0.0971659
-0.0973318
-0.0974928
-0.0976488
-0.0977999
-0.097946
-0.0980872
-0.0982234
-0.0983546
-0.0984808
-0.098602
-0.0987182
-0.0988294
-0.0989355
-0.0990367
-0.0991328
-0.0992239
-0.09931
-0.099391
-0.099467
-0.0995379
-0.0996038
-0.0996646
-0.0997204
-0.0997711
-0.0998167
-0.0998573
-0.0998928
-0.0999233
-0.0999486
-0.0999689
-0.0999841
-0.0999943
-0.0999994
-0.0999994
-0.0999943
-0.0999841
-0.0999689
-0.0999486
-0.0999233
-0.0998928
-0.0998573
-0.0998167
-0.0997711
-0.0997204
-0.0996646
-0.0996038
-0.0995379
-0.099467
-0.099391
-0.09931
-0.0992239
-0.0991328
-0.0990367
-0.0989356
-0.0988294
-0.0987182
-0.098602
-0.0984808
-0.0983546
-0.0982234
-0.0980872
-0.0979461
-0.0977999
-0.0976489
-0.0974928
-0.0973318
-0.0971659
-0.096995
-0.0968192
-0.0966385
-0.0964529
-0.0962624
-0.0960671
-0.0958668
-0.0956617
-0.0954517
-0.0952369
-0.0950172
-0.0947928
-0.0945635
-0.0943294
-0.0940905
-0.0938469
-0.0935985
-0.0933453
-0.0930874
-0.0928248
-0.0925575
-0.0922854
-0.0920087
-0.0917273
-0.0914413
-0.0911506
-0.0908553
-0.0905554
-0.0902509
-0.0899418
-0.0896282
-0.08931
-0.0889872
-0.08866
-0.0883282
-0.087992
-0.0876513
-0.0873061
-0.0869566
-0.0866026
-0.0862442
-0.0858814
-0.0855143
-0.0851429
-0.0847671
-0.084387
-0.0840026
-0.083614
-0.0832211
-0.082824
-0.0824228
-0.0820173
-0.0816076
-0.0811938
-0.0807759
-0.0803539
-0.0799279
-0.0794977
-0.0790636
-0.0786254
-0.0781832
-0.0777371
-0.077287
-0.076833
-0.0763751
-0.0759133
-0.0754476
-0.0749782
-0.0745049
-0.0740279
-0.073547
-0.0730625
-0.0725743
-0.0720823
-0.0715867
-0.0710875
-0.0705847
-0.0700783
-0.0695683
-0.0690548
-0.0685378
-0.0680173
-0.0674934
-0.066966
-0.0664353
-0.0659012
-0.0653637
-0.0648229
-0.0642788
-0.0637315
-0.0631809
-0.0626271
-0.0620702
-0.0615101
-0.0609468
-0.0603805
-0.0598111
-0.0592387
-0.0586633
-0.0580849
-0.0575035
-0.0569192
-0.0563321
-0.0557421
-0.0551492
-0.0545536
-0.0539551
-0.053354
-0.0527501
-0.0521436
-0.0515344
-0.0509226
-0.0503082
-0.0496913
-0.0490718
-0.0484499
-0.0478255
-0.0471986
-0.0465694
-0.0459378
-0.0453039
-0.0446677
-0.0440292
-0.0433884
-0.0427455
-0.0421004
-0.0414532
-0.0408039
-0.0401524
-0.039499
-0.0388436
-0.0381861
-0.0375268
-0.0368655
-0.0362024
-0.0355374
-0.0348706
-0.0342021
-0.0335318
-0.0328598
-0.0321862
-0.0315109
-0.030834
-0.0301556
-0.0294756
-0.0287941
-0.0281112
-0.0274268
-0.0267411
-0.026054
-0.0253655
-0.0246758
-0.0239848
-0.0232927
-0.0225993
-0.0219048
-0.0212091
-0.0205124
-0.0198147
-0.0191159
-0.0184162
-0.0177156
-0.017014
-0.0163116
-0.0156083
-0.0149043
-0.0141995
-0.013494
-0.0127878
-0.0120809
-0.0113735
-0.0106654
-0.00995686
-0.00924778
-0.00853822
-0.00782824
-0.00711785
-0.0064071
-0.00569603
-0.00498467
-0.00427305
-0.00356122
-0.00284921
-0.00213706
-0.00142479
-0.000712454
-8.07074e-08
0.000712293
0.00142463
0.00213689
0.00284905
0.00356106
0.00427289
0.00498451
0.00569587
0.00640694
0.00711769
0.00782807
0.00853806
0.00924762
0.0099567
0.0106653
0.0113733
0.0120808
0.0127876
0.0134938
0.0141994
0.0149041
0.0156082
0.0163114
0.0170139
0.0177154
0.0184161
0.0191158
0.0198145
0.0205123
0.021209
0.0219046
0.0225991
0.0232925
0.0239847
0.0246757
0.0253654
0.0260538
0.0267409
0.0274267
0.028111
0.028794
0.0294754
0.0301554
0.0308339
0.0315107
0.032186
0.0328597
0.0335317
0.0342019
0.0348705
0.0355373
0.0362022
0.0368654
0.0375266
0.038186
0.0388434
0.0394989
0.0401523
0.0408037
0.041453
0.0421003
0.0427454
0.0433883
0.044029
0.0446675
0.0453037
0.0459377
0.0465693
0.0471985
0.0478253
0.0484497
0.0490717
0.0496911
0.0503081
0.0509225
0.0515343
0.0521435
0.05275
0.0533539
0.053955
0.0545534
0.0551491
0.0557419
0.0563319
0.0569191
0.0575034
0.0580847
0.0586631
0.0592386
0.059811
0.0603804
0.0609467
0.0615099
0.06207
0.062627
0.0631808
0.0637314
0.0642787
0.0648228
0.0653636
0.065901
0.0664352
0.0669659
0.0674933
0.0680172
0.0685377
0.0690547
0.0695682
0.0700782
0.0705846
0.0710874
0.0715866
0.0720822
0.0725741
0.0730624
0.0735469
0.0740277
0.0745048
0.0749781
0.0754475
0.0759132
0.076375
0.0768329
0.0772869
0.077737
0.0781831
0.0786253
0.0790635
0.0794976
0.0799278
0.0803538
0.0807758
0.0811938
0.0816075
0.0820172
0.0824227
0.082824
0.0832211
0.0836139
0.0840025
0.0843869
0.084767
0.0851428
0.0855142
0.0858814
0.0862441
0.0866025
0.0869565
0.0873061
0.0876512
0.0879919
0.0883281
0.0886599
0.0889871
0.0893099
0.0896281
0.0899417
0.0902508
0.0905553
0.0908552
0.0911506
0.0914412
0.0917273
0.0920086
0.0922854
0.0925574
0.0928247
0.0930873
0.0933452
0.0935984
0.0938468
0.0940905
0.0943293
0.0945634
0.0947927
0.0950172
0.0952368
0.0954517
0.0956616
0.0958668
0.096067
0.0962624
0.0964529
0.0966385
0.0968192
0.096995
0.0971659
0.0973318
0.0974928
0.0976488
0.0977999
0.097946
0.0980872
0.0982234
0.0983546
0.0984808
0.098602
0.0987182
0.0988294
0.0989355
0.0990367
0.0991328
0.0992239
0.09931
0.099391
0.099467
0.0995379
0.0996038
0.0996646
0.0997204
0.0997711
0.0998167
0.0998573
0.0998928
0.0999233
0.0999486
0.0999689
0.0999841
0.0999943
0.0999994
0.0999994
0.0999943
0.0999841
0.0999689
0.0999486
0.0999233
0.0998928
0.0998573
0.0998167
0.0997711
0.0997204
0.0996646
0.0996038
0.0995379
0.099467
0.099391
0.09931
0.0992239
0.0991328
0.0990367
0.0989356
0.0988294
0.0987182
0.098602
0.0984808
0.0983546
0.0982234
0.0980872
0.0979461
0.0977999
0.0976489
0.0974928
0.0973318
0.0971659
0.096995
0.0968192
0.0966385
0.0964529
0.0962624
0.0960671
0.0958668
0.0956617
0.0954517
0.0952369
0.0950172
0.0947928
0.0945635
0.0943294
0.0940905
0.0938469
0.0935985
0.0933453
0.0930874
0.0928248
0.0925575
0.0922854
0.0920087
0.0917273
0.0914413
0.0911506
0.0908553
0.0905554
0.0902509
0.0899418
0.0896282
0.08931
0.0889872
0.08866
0.0883282
0.087992
0.0876513
0.0873061
0.0869566
0.0866026
0.0862442
0.0858814
0.0855143
0.0851429
0.0847671
0.084387
0.0840026
0.083614
0.0832211
0.0828241
0.0824228
0.0820173
0.0816076
0.0811939
0.0807759
0.0803539
0.0799279
0.0794977
0.0790636
0.0786254
0.0781832
0.0777371
0.077287
0.076833
0.0763751
0.0759133
0.0754476
0.0749782
0.0745049
0.0740279
0.0735471
0.0730625
0.0725743
0.0720823
0.0715867
0.0710875
0.0705847
0.0700783
0.0695683
0.0690548
0.0685378
0.0680173
0.0674934
0.066966
0.0664353
0.0659012
0.0653637
0.0648229
0.0642788
0.0637315
0.0631809
0.0626271
0.0620702
0.0615101
0.0609468
0.0603805
0.0598111
0.0592387
0.0586633
0.0580849
0.0575035
0.0569192
0.0563321
0.0557421
0.0551492
0.0545536
0.0539551
0.053354
0.0527501
0.0521436
0.0515344
0.0509226
0.0503082
0.0496913
0.0490718
0.0484499
0.0478255
0.0471986
0.0465694
0.0459378
0.0453039
0.0446677
0.0440292
0.0433885
0.0427455
0.0421004
0.0414532
0.0408039
0.0401525
0.039499
0.0388436
0.0381861
0.0375268
0.0368655
0.0362024
0.0355374
0.0348706
0.0342021
0.0335318
0.0328598
0.0321862
0.0315109
0.030834
0.0301556
0.0294756
0.0287941
0.0281112
0.0274268
0.0267411
0.026054
0.0253655
0.0246758
0.0239849
0.0232927
0.0225993
0.0219048
0.0212091
0.0205124
0.0198147
0.0191159
0.0184162
0.0177156
0.017014
0.0163116
0.0156084
0.0149043
0.0141995
0.013494
0.0127878
0.012081
0.0113735
0.0106655
0.00995687
0.00924778
0.00853823
0.00782824
0.00711786
0.00640711
0.00569604
0.00498467
0.00427306
0.00356123
0.00284922
0.00213706
0.0014248
0.00071246
8.64722e-08
-0.000712287
-0.00142462
-0.00213689
-0.00284905
-0.00356106
-0.00427289
-0.0049845
-0.00569586
-0.00640694
-0.00711768
-0.00782807
-0.00853806
-0.00924761
-0.0099567
-0.0106653
-0.0113733
-0.0120808
-0.0127876
-0.0134938
-0.0141993
-0.0149041
-0.0156082
-0.0163114
-0.0170138
-0.0177154
-0.0184161
-0.0191158
-0.0198145
-0.0205123
-0.021209
-0.0219046
-0.0225991
-0.0232925
-0.0239847
-0.0246757
-0.0253654
-0.0260538
-0.0267409
-0.0274267
-0.028111
-0.028794
-0.0294754
-0.0301554
-0.0308339
-0.0315107
-0.032186
-0.0328597
-0.0335317
-0.0342019
-0.0348705
-0.0355373
-0.0362022
-0.0368654
-0.0375266
-0.038186
-0.0388434
-0.0394988
-0.0401523
-0.0408037
-0.041453
-0.0421003
-0.0427454
-0.0433883
-0.044029
-0.0446675
-0.0453037
-0.0459377
-0.0465693
-0.0471985
-0.0478253
-0.0484497
-0.0490717
-0.0496911
-0.0503081
-0.0509225
-0.0515343
-0.0521434
-0.05275
-0.0533538
-0.053955
-0.0545534
-0.0551491
-0.0557419
-0.0563319
-0.0569191
-0.0575034
-0.0580847
-0.0586631
-0.0592386
-0.059811
-0.0603804
-0.0609467
-0.0615099
-0.06207
-0.062627
-0.0631808
-0.0637314
-0.0642787
-0.0648228
-0.0653636
-0.065901
-0.0664352
-0.0669659
-0.0674933
-0.0680172
-0.0685377
-0.0690547
-0.0695682
-0.0700782
-0.0705846
-0.0710874
-0.0715866
-0.0720822
-0.0725741
-0.0730624
-0.0735469
-0.0740277
-0.0745048
-0.0749781
-0.0754475
-0.0759132
-0.0763749
-0.0768329
-0.0772869
-0.077737
-0.0781831
-0.0786253
-0.0790635
-0.0794976
-0.0799278
-0.0803538
-0.0807758
-0.0811938
-0.0816075
-0.0820172
-0.0824227
-0.082824
-0.083221
-0.0836139
-0.0840025
-0.0843869
-0.084767
-0.0851428
-0.0855142
-0.0858814
-0.0862441
-0.0866025
-0.0869565
-0.0873061
-0.0876512
-0.0879919
-0.0883281
-0.0886599
-0.0889871
-0.0893099
-0.0896281
-0.0899417
-0.0902508
-0.0905553
-0.0908552
-0.0911506
-0.0914412
-0.0917273
-0.0920086
-0.0922854
-0.0925574
-0.0928247
-0.0930873
-0.0933452
-0.0935984
-0.0938468
-0.0940905
-0.0943293
-0.0945634
-0.0947927
-0.0950172
-0.0952368
-0.0954517
-0.0956616
-0.0958668
-0.096067
-0.0962624
-0.0964529
-0.0966385
-0.0968192
-0.096995
-0.0971658
-0.0973318
-0.0974928
-0.0976488
-0.0977999
-0.097946
-0.0980872
-0.0982234
-0.0983546
-0.0984808
-0.098602
-0.0987182
-0.0988294
-0.0989355
-0.0990367
-0.0991328
-0.0992239
-0.09931
-0.099391
-0.099467
-0.0995379
-0.0996038
-0.0996646
-0.0997204
-0.0997711
-0.0998167
-0.0998573
-0.0998928
-0.0999233
-0.0999486
-0.0999689
-0.0999841
-0.0999943
-0.0999994
-0.0999994
-0.0999943
-0.0999841
-0.0999689
-0.0999486
-0.0999233
-0.0998928
-0.0998573
-0.0998167
-0.0997711
-0.0997204
-0.0996646
-0.0996038
-0.0995379
-0.099467
-0.099391
-0.09931
-0.0992239
-0.0991328
-0.0990367
-0.0989356
-0.0988294
-0.0987182
-0.098602
-0.0984808
-0.0983546
-0.0982234
-0.0980872
-0.0979461
-0.0977999
-0.0976489
-0.0974928
-0.0973318
-0.0971659
-0.096995
-0.0968192
-0.0966385
-0.0964529
-0.0962625
-0.0960671
-0.0958668
-0.0956617
-0.0954517
-0.0952369
-0.0950172
-0.0947928
-0.0945635
-0.0943294
-0.0940905
-0.0938469
-0.0935985
-0.0933453
-0.0930874
-0.0928248
-0.0925575
-0.0922854
-0.0920087
-0.0917273
-0.0914413
-0.0911506
-0.0908553
-0.0905554
-0.0902509
-0.0899418
-0.0896282
-0.08931
-0.0889872
-0.08866
-0.0883282
-0.087992
-0.0876513
-0.0873062
-0.0869566
-0.0866026
-0.0862442
-0.0858814
-0.0855143
-0.0851429
-0.0847671
-0.084387
-0.0840026
-0.083614
-0.0832211
-0.0828241
-0.0824228
-0.0820173
-0.0816076
-0.0811939
-0.080776
-0.0803539
-0.0799279
-0.0794977
-0.0790636
-0.0786254
-0.0781832
-0.0777371
-0.077287
-0.076833
-0.0763751
-0.0759133
-0.0754476
-0.0749782
-0.0745049
-0.0740279
-0.0735471
-0.0730625
-0.0725743
-0.0720823
-0.0715867
-0.0710875
-0.0705847
-0.0700783
-0.0695683
-0.0690548
-0.0685378
-0.0680173
-0.0674934
-0.0669661
-0.0664353
-0.0659012
-0.0653637
-0.0648229
-0.0642788
-0.0637315
-0.0631809
-0.0626271
-0.0620702
-0.0615101
-0.0609468
-0.0603805
-0.0598111
-0.0592387
-0.0586633
-0.0580849
-0.0575035
-0.0569192
-0.0563321
-0.0557421
-0.0551492
-0.0545536
-0.0539552
-0.053354
-0.0527501
-0.0521436
-0.0515344
-0.0509226
-0.0503082
-0.0496913
-0.0490718
-0.0484499
-0.0478255
-0.0471986
-0.0465694
-0.0459378
-0.0453039
-0.0446677
-0.0440292
-0.0433885
-0.0427455
-0.0421004
-0.0414532
-0.0408039
-0.0401525
-0.039499
-0.0388436
-0.0381861
-0.0375268
-0.0368655
-0.0362024
-0.0355374
-0.0348706
-0.0342021
-0.0335318
-0.0328598
-0.0321862
-0.0315109
-0.030834
-0.0301556
-0.0294756
-0.0287941
-0.0281112
-0.0274268
-0.0267411
-0.026054
-0.0253655
-0.0246758
-0.0239849
-0.0232927
-0.0225993
-0.0219048
-0.0212092
-0.0205125
-0.0198147
-0.019116
-0.0184162
-0.0177156
-0.017014
-0.0163116
-0.0156084
-0.0149043
-0.0141995
-0.013494
-0.0127878
-0.012081
-0.0113735
-0.0106655
-0.00995688
-0.00924779
-0.00853824
-0.00782825
-0.00711786
-0.00640711
-0.00569604
-0.00498468
-0.00427307
-0.00356124
-0.00284922
-0.00213707
-0.0014248
-0.000712465
-9.2237e-08
0.000712281
0.00142462
0.00213688
0.00284904
0.00356105
0.00427288
0.0049845
0.00569586
0.00640693
0.00711768
0.00782806
0.00853805
0.00924761
0.00995669
0.0106653
0.0113733
0.0120808
0.0127876
0.0134938
0.0141993
0.0149041
0.0156082
0.0163114
0.0170138
0.0177154
0.0184161
0.0191158
0.0198145
0.0205123
0.021209
0.0219046
0.0225991
0.0232925
0.0239847
0.0246757
0.0253654
0.0260538
0.0267409
0.0274267
0.028111
0.028794
0.0294754
0.0301554
0.0308339
0.0315107
0.032186
0.0328597
0.0335316
0.0342019
0.0348705
0.0355372
0.0362022
0.0368654
0.0375266
0.038186
0.0388434
0.0394988
0.0401523
0.0408037
0.041453
0.0421003
0.0427454
0.0433883
0.044029
0.0446675
0.0453037
0.0459377
0.0465693
0.0471985
0.0478253
0.0484497
0.0490717
0.0496911
0.0503081
0.0509225
0.0515343
0.0521434
0.05275
0.0533538
0.053955
0.0545534
0.0551491
0.0557419
0.0563319
0.0569191
0.0575034
0.0580847
0.0586631
0.0592386
0.059811
0.0603804
0.0609467
0.0615099
0.06207
0.062627
0.0631808
0.0637313
0.0642787
0.0648228
0.0653636
0.065901
0.0664352
0.0669659
0.0674933
0.0680172
0.0685377
0.0690547
0.0695682
0.0700782
0.0705846
0.0710874
0.0715866
0.0720822
0.0725741
0.0730624
0.0735469
0.0740277
0.0745048
0.0749781
0.0754475
0.0759132
0.0763749
0.0768329
0.0772869
0.0777369
0.0781831
0.0786253
0.0790634
0.0794976
0.0799278
0.0803538
0.0807758
0.0811937
0.0816075
0.0820172
0.0824227
0.082824
0.083221
0.0836139
0.0840025
0.0843869
0.084767
0.0851428
0.0855142
0.0858813
0.0862441
0.0866025
0.0869565
0.0873061
0.0876512
0.0879919
0.0883281
0.0886599
0.0889871
0.0893099
0.0896281
0.0899417
0.0902508
0.0905553
0.0908552
0.0911505
0.0914412
0.0917273
0.0920086
0.0922854
0.0925574
0.0928247
0.0930873
0.0933452
0.0935984
0.0938468
0.0940905
0.0943293
0.0945634
0.0947927
0.0950172
0.0952368
0.0954517
0.0956616
0.0958668
0.096067
0.0962624
0.0964529
0.0966385
0.0968192
0.096995
0.0971658
0.0973318
0.0974928
0.0976488
0.0977999
0.097946
0.0980872
0.0982234
0.0983546
0.0984808
0.098602
0.0987182
0.0988294
0.0989355
0.0990367
0.0991328
0.0992239
0.09931
0.099391
0.099467
0.0995379
0.0996038
0.0996646
0.0997204
0.0997711
0.0998167
0.0998573
0.0998928
0.0999233
0.0999486
0.0999689
0.0999841
0.0999943
0.0999994
0.0999994
0.0999943
0.0999841
0.0999689
0.0999486
0.0999233
0.0998928
0.0998573
0.0998167
0.0997711
0.0997204
0.0996646
0.0996038
0.0995379
0.099467
0.099391
0.09931
0.0992239
0.0991328
0.0990367
0.0989356
0.0988294
0.0987182
0.098602
0.0984808
0.0983546
0.0982234
0.0980872
0.0979461
0.0977999
0.0976489
0.0974928
0.0973318
0.0971659
0.096995
0.0968192
0.0966385
0.0964529
0.0962625
0.0960671
0.0958668
0.0956617
0.0954517
0.0952369
0.0950172
0.0947928
0.0945635
0.0943294
0.0940905
0.0938469
0.0935985
0.0933453
0.0930874
0.0928248
0.0925575
0.0922854
0.0920087
0.0917273
0.0914413
0.0911506
0.0908553
0.0905554
0.0902509
0.0899418
0.0896282
0.08931
0.0889872
0.08866
0.0883282
0.087992
0.0876513
0.0873062
0.0869566
0.0866026
0.0862442
0.0858814
0.0855143
0.0851429
0.0847671
0.084387
0.0840026
0.083614
0.0832211
0.0828241
0.0824228
0.0820173
0.0816076
0.0811939
0.080776
0.080354
0.0799279
0.0794977
0.0790636
0.0786254
0.0781832
0.0777371
0.077287
0.076833
0.0763751
0.0759133
0.0754476
0.0749782
0.0745049
0.0740279
0.0735471
0.0730625
0.0725743
0.0720823
0.0715868
0.0710875
0.0705847
0.0700783
0.0695683
0.0690548
0.0685378
0.0680173
0.0674934
0.0669661
0.0664353
0.0659012
0.0653637
0.0648229
0.0642788
0.0637315
0.0631809
0.0626271
0.0620702
0.0615101
0.0609468
0.0603805
0.0598111
0.0592387
0.0586633
0.0580849
0.0575035
0.0569192
0.0563321
0.0557421
0.0551492
0.0545536
0.0539552
0.053354
0.0527501
0.0521436
0.0515344
0.0509226
0.0503082
0.0496913
0.0490718
0.0484499
0.0478255
0.0471986
0.0465694
0.0459378
0.0453039
0.0446677
0.0440292
0.0433885
0.0427455
0.0421004
0.0414532
0.0408039
0.0401525
0.039499
0.0388436
0.0381861
0.0375268
0.0368655
0.0362024
0.0355374
0.0348707
0.0342021
0.0335318
0.0328598
0.0321862
0.0315109
0.030834
0.0301556
0.0294756
0.0287941
0.0281112
0.0274268
0.0267411
0.026054
0.0253656
0.0246758
0.0239849
0.0232927
0.0225993
0.0219048
0.0212092
0.0205125
0.0198147
0.019116
0.0184162
0.0177156
0.017014
0.0163116
0.0156084
0.0149043
0.0141995
0.013494
0.0127878
0.012081
0.0113735
0.0106655
0.00995688
0.0092478
0.00853824
0.00782825
0.00711787
0.00640712
0.00569605
0.00498469
0.00427307
0.00356124
0.00284923
0.00213707
0.00142481
0.000712471
9.80018e-08
-0.000712275
-0.00142461
-0.00213688
-0.00284903
-0.00356105
-0.00427288
-0.00498449
-0.00569585
-0.00640692
-0.00711767
-0.00782806
-0.00853805
-0.0092476
-0.00995669
-0.0106653
-0.0113733
-0.0120808
-0.0127876
-0.0134938
-0.0141993
-0.0149041
-0.0156082
-0.0163114
-0.0170138
-0.0177154
-0.018416
-0.0191158
-0.0198145
-0.0205123
-0.021209
-0.0219046
-0.0225991
-0.0232925
-0.0239847
-0.0246756
-0.0253654
-0.0260538
-0.0267409
-0.0274267
-0.028111
-0.028794
-0.0294754
-0.0301554
-0.0308338
-0.0315107
-0.032186
-0.0328597
-0.0335316
-0.0342019
-0.0348705
-0.0355372
-0.0362022
-0.0368653
-0.0375266
-0.038186
-0.0388434
-0.0394988
-0.0401523
-0.0408037
-0.041453
-0.0421003
-0.0427454
-0.0433883
-0.044029
-0.0446675
-0.0453037
-0.0459377
-0.0465692
-0.0471985
-0.0478253
-0.0484497
-0.0490717
-0.0496911
-0.0503081
-0.0509225
-0.0515343
-0.0521434
-0.05275
-0.0533538
-0.053955
-0.0545534
-0.0551491
-0.0557419
-0.0563319
-0.0569191
-0.0575034
-0.0580847
-0.0586631
-0.0592386
-0.059811
-0.0603804
-0.0609467
-0.0615099
-0.06207
-0.062627
-0.0631808
-0.0637313
-0.0642787
-0.0648228
-0.0653636
-0.065901
-0.0664352
-0.0669659
-0.0674933
-0.0680172
-0.0685377
-0.0690547
-0.0695682
-0.0700782
-0.0705846
-0.0710874
-0.0715866
-0.0720822
-0.0725741
-0.0730624
-0.0735469
-0.0740277
-0.0745048
-0.0749781
-0.0754475
-0.0759132
-0.0763749
-0.0768328
-0.0772869
-0.0777369
-0.0781831
-0.0786253
-0.0790634
-0.0794976
-0.0799278
-0.0803538
-0.0807758
-0.0811937
-0.0816075
-0.0820172
-0.0824226
-0.0828239
-0.083221
-0.0836139
-0.0840025
-0.0843869
-0.084767
-0.0851428
-0.0855142
-0.0858813
-0.0862441
-0.0866025
-0.0869565
-0.0873061
-0.0876512
-0.0879919
-0.0883281
-0.0886599
-0.0889871
-0.0893099
-0.0896281
-0.0899417
-0.0902508
-0.0905553
-0.0908552
-0.0911505
-0.0914412
-0.0917273
-0.0920086
-0.0922854
-0.0925574
-0.0928247
-0.0930873
-0.0933452
-0.0935984
-0.0938468
-0.0940905
-0.0943293
-0.0945634
-0.0947927
-0.0950172
-0.0952368
-0.0954517
-0.0956616
-0.0958668
-0.096067
-0.0962624
-0.0964529
-0.0966385
-0.0968192
-0.096995
-0.0971658
-0.0973318
-0.0974928
-0.0976488
-0.0977999
-0.097946
-0.0980872
-0.0982234
-0.0983546
-0.0984808
-0.098602
-0.0987182
-0.0988294
-0.0989355
-0.0990367
-0.0991328
-0.0992239
-0.09931
-0.099391
-0.099467
-0.0995379
-0.0996038
-0.0996646
-0.0997204
-0.0997711
-0.0998167
-0.0998573
-0.0998928
-0.0999233
-0.0999486
-0.0999689
-0.0999841
-0.0999943
-0.0999994
-0.0999994
-0.0999943
-0.0999841
-0.0999689
-0.0999486
-0.0999233
-0.0998928
-0.0998573
-0.0998167
-0.0997711
-0.0997204
-0.0996646
-0.0996038
-0.0995379
-0.099467
-0.099391
-0.09931
-0.0992239
-0.0991328
-0.0990367
-0.0989356
-0.0988294
-0.0987182
-0.098602
-0.0984808
-0.0983546
-0.0982234
-0.0980872
-0.0979461
-0.0977999
-0.0976489
-0.0974928
-0.0973318
-0.0971659
-0.096995
-0.0968192
-0.0966386
-0.0964529
-0.0962625
-0.0960671
-0.0958668
-0.0956617
-0.0954517
-0.0952369
-0.0950172
-0.0947928
-0.0945635
-0.0943294
-0.0940905
-0.0938469
-0.0935985
-0.0933453
-0.0930874
-0.0928248
-0.0925575
-0.0922854
-0.0920087
-0.0917273
-0.0914413
-0.0911506
-0.0908553
-0.0905554
-0.0902509
-0.0899418
-0.0896282
-0.08931
-0.0889872
-0.08866
-0.0883282
-0.087992
-0.0876513
-0.0873062
-0.0869566
-0.0866026
-0.0862442
-0.0858814
-0.0855143
-0.0851429
-0.0847671
-0.084387
-0.0840026
-0.083614
-0.0832212
-0.0828241
-0.0824228
-0.0820173
-0.0816076
-0.0811939
-0.080776
-0.080354
-0.0799279
-0.0794977
-0.0790636
-0.0786254
-0.0781832
-0.0777371
-0.077287
-0.076833
-0.0763751
-0.0759133
-0.0754477
-0.0749782
-0.0745049
-0.0740279
-0.0735471
-0.0730625
-0.0725743
-0.0720823
-0.0715868
-0.0710875
-0.0705847
-0.0700783
-0.0695683
-0.0690548
-0.0685378
-0.0680173
-0.0674934
-0.0669661
-0.0664353
-0.0659012
-0.0653637
-0.0648229
-0.0642788
-0.0637315
-0.0631809
-0.0626271
-0.0620702
-0.0615101
-0.0609468
-0.0603805
-0.0598111
-0.0592387
-0.0586633
-0.0580849
-0.0575035
-0.0569193
-0.0563321
-0.0557421
-0.0551492
-0.0545536
-0.0539552
-0.053354
-0.0527501
-0.0521436
-0.0515344
-0.0509226
-0.0503082
-0.0496913
-0.0490718
-0.0484499
-0.0478255
-0.0471987
-0.0465694
-0.0459378
-0.0453039
-0.0446677
-0.0440292
-0.0433885
-0.0427455
-0.0421004
-0.0414532
-0.0408039
-0.0401525
-0.039499
-0.0388436
-0.0381862
-0.0375268
-0.0368655
-0.0362024
-0.0355374
-0.0348707
-0.0342021
-0.0335318
-0.0328599
-0.0321862
-0.0315109
-0.030834
-0.0301556
-0.0294756
-0.0287941
-0.0281112
-0.0274269
-0.0267411
-0.026054
-0.0253656
-0.0246758
-0.0239849
-0.0232927
-0.0225993
-0.0219048
-0.0212092
-0.0205125
-0.0198147
-0.019116
-0.0184162
-0.0177156
-0.017014
-0.0163116
-0.0156084
-0.0149043
-0.0141995
-0.013494
-0.0127878
-0.012081
-0.0113735
-0.0106655
-0.00995689
-0.0092478
-0.00853825
-0.00782826
-0.00711787
-0.00640713
-0.00569605
-0.00498469
-0.00427308
-0.00356125
-0.00284924
-0.00213708
-0.00142481
-0.000712477
-1.03767e-07
0.000712269
0.00142461
0.00213687
0.00284903
0.00356104
0.00427287
0.00498448
0.00569585
0.00640692
0.00711767
0.00782805
0.00853804
0.0092476
0.00995668
0.0106653
0.0113733
0.0120808
0.0127876
0.0134938
0.0141993
0.0149041
0.0156082
0.0163114
0.0170138
0.0177154
0.018416
0.0191158
0.0198145
0.0205123
0.021209
0.0219046
0.0225991
0.0232925
0.0239847
0.0246756
0.0253654
0.0260538
0.0267409
0.0274267
0.028111
0.0287939
0.0294754
0.0301554
0.0308338
0.0315107
0.032186
0.0328597
0.0335316
0.0342019
0.0348705
0.0355372
0.0362022
0.0368653
0.0375266
0.038186
0.0388434
0.0394988
0.0401523
0.0408037
0.041453
0.0421003
0.0427454
0.0433883
0.044029
0.0446675
0.0453037
0.0459376
0.0465692
0.0471985
0.0478253
0.0484497
0.0490717
0.0496911
0.0503081
0.0509224
0.0515342
0.0521434
0.05275
0.0533538
0.053955
0.0545534
0.0551491
0.0557419
0.0563319
0.0569191
0.0575034
0.0580847
0.0586631
0.0592385
0.059811
0.0603804
0.0609467
0.0615099
0.06207
0.062627
0.0631808
0.0637313
0.0642787
0.0648228
0.0653635
0.065901
0.0664352
0.0669659
0.0674933
0.0680172
0.0685377
0.0690547
0.0695682
0.0700781
0.0705846
0.0710874
0.0715866
0.0720822
0.0725741
0.0730624
0.0735469
0.0740277
0.0745048
0.0749781
0.0754475
0.0759132
0.0763749
0.0768328
0.0772869
0.0777369
0.0781831
0.0786253
0.0790634
0.0794976
0.0799278
0.0803538
0.0807758
0.0811937
0.0816075
0.0820172
0.0824226
0.0828239
0.083221
0.0836139
0.0840025
0.0843869
0.084767
0.0851428
0.0855142
0.0858813
0.0862441
0.0866025
0.0869565
0.0873061
0.0876512
0.0879919
0.0883281
0.0886599
0.0889871
0.0893099
0.0896281
0.0899417
0.0902508
0.0905553
0.0908552
0.0911505
0.0914412
0.0917273
0.0920086
0.0922854
0.0925574
0.0928247
0.0930873
0.0933452
0.0935984
0.0938468
0.0940905
0.0943293
0.0945634
0.0947927
0.0950172
0.0952368
0.0954517
0.0956616
0.0958668
0.096067
0.0962624
0.0964529
0.0966385
0.0968192
0.096995
0.0971658
0.0973318
0.0974928
0.0976488
0.0977999
0.097946
0.0980872
0.0982234
0.0983546
0.0984808
0.098602
0.0987182
0.0988294
0.0989355
0.0990367
0.0991328
0.0992239
0.09931
0.099391
0.099467
0.0995379
0.0996038
0.0996646
0.0997204
0.0997711
0.0998167
0.0998573
0.0998928
0.0999233
0.0999486
0.0999689
0.0999841
0.0999943
0.0999994
0.0999994
0.0999943
0.0999841
0.0999689
0.0999486
0.0999233
0.0998928
0.0998573
0.0998167
0.0997711
0.0997204
0.0996646
0.0996038
0.0995379
0.099467
0.099391
0.09931
0.0992239
0.0991328
0.0990367
0.0989356
0.0988294
0.0987182
0.098602
0.0984808
0.0983546
0.0982234
0.0980872
0.0979461
0.0977999
0.0976489
0.0974928
0.0973318
