-0.00583858
0.146899
0.131886
-0.0132247
0.0445664
0.175375
0.0821646
-0.0229235
0.0983996
0.168009
0.024649
-0.00888204
0.139297
0.126506
-0.0242076
0.0234861
0.153434
0.0615142
-0.0518561
0.0619903
0.13382
-0.0104216
-0.0532444
0.0915387
0.082628
-0.0715854
-0.0320644
0.0989711
0.0108551
-0.108095
0.000698231
0.0773709
-0.064627
-0.113708
0.0304475
0.0285286
-0.125761
-0.0913138
0.0437548
-0.0372135
-0.158362
-0.0516923
0.0327609
-0.103723
-0.156044
-0.00994745
-0.00215045
-0.15364
-0.121871
0.0192907
-0.052237
-0.173391
-0.0672497
0.0264279
-0.102894
-0.157167
-0.00841472
0.00984839
-0.138019
-0.108665
0.0384302
-0.0236517
-0.144938
-0.0400877
0.0618572
-0.0610651
-0.118396
0.0313319
0.0584276
-0.0873329
-0.0624075
0.0882281
0.0334268
-0.0901903
0.0106281
0.117989
-0.00107603
-0.0642156
0.0832888
0.116183
-0.0302309
-0.012833
0.138003
0.0875236
-0.0412373
0.0523623
0.161992
0.0441167
-0.0275195
0.114783
0.150816
0.00153901
0.00903512
0.157601
0.109496
-0.0260451
0.0584702
0.168659
0.0508723
-0.0302474
0.10568
0.144081
-0.00827884
-0.010977
0.134982
0.0894914
-0.0522166
0.0236366
0.134968
0.0184736
-0.0707946
0.0598878
0.102151
-0.0512751
-0.0622565
0.0828929
0.0423077
-0.102966
-0.0334482
0.0813967
-0.030923
-0.125425
0.00259343
0.0515132
-0.0997877
-0.116099
0.0309178
-0.00175261
-0.147413
-0.081482
0.0394909
-0.0656901
-0.162574
-0.034869
0.0230965
-0.123443
-0.142826
0.00787533
-0.0148869
-0.158897
-0.0950724
0.0332293
-0.0633851
-0.161431
-0.0334242
0.0341279
-0.106941
-0.129121
0.0250203
0.0120329
-0.130443
-0.0694239
0.065191
-0.0236562
-0.123849
0.00287664
0.0783681
-0.0586623
-0.0854504
0.0698515
0.064526
-0.0784197
-0.0226957
0.115505
0.0320166
-0.0727881
0.0497153
0.13025
-0.00528567
-0.0394455
0.113914
0.113451
-0.0324896
0.0150884
0.153926
0.0733158
-0.0384626
0.0771328
0.160205
0.0241707
-0.0194132
0.129748
0.132318
-0.0180239
0.0198135
0.157698
0.0789578
-0.0405622
0.0671311
0.151999
0.0153189
-0.0378077
0.106881
0.112676
-0.0413996
-0.0127866
0.124669
0.0489028
-0.0769995
0.02391
0.111901
-0.0235347
-0.0843158
0.0575683
0.0686402
-0.0867059
-0.0650792
0.0740822
0.0038996
-0.125613
-0.0290728
0.0645233
-0.0667453
-0.132379
0.00913601
0.0281484
-0.125525
-0.108303
0.0348799
-0.0270859
-0.157545
-0.063211
0.038057
-0.0866803
-0.155044
-0.012289
0.0163551
-0.133791
-0.119588
0.0286055
-0.0239517
-0.154217
-0.0615411
0.0477501
-0.0698788
-0.140687
0.00302001
0.0410277
-0.105718
-0.0951478
0.0570189
0.0130228
-0.117925
-0.0283567
0.08732
-0.0245741
-0.0994283
0.0431056
0.0884214
-0.0567546
-0.0520362
0.101535
0.0638126
-0.0700126
0.0137979
0.133122
0.0246126
-0.056719
0.081812
0.131796
-0.0140763
-0.0177111
0.134543
0.100784
-0.0379771
0.0377068
0.158342
0.051408
-0.0381417
0.0943724
0.14731
-0.000470979
-0.0137783
0.135713
0.104977
-0.0392994
0.0274596
0.148703
0.0432332
-0.0544968
0.071812
0.12784
-0.0211701
-0.0435405
0.103672
0.0769388
-0.0715036
-0.0125492
0.110472
0.00819312
-0.0958715
0.0257937
0.0867163
-0.0612366
-0.0905214
0.0563343
0.0359175
-0.114095
-0.06068
0.0663034
-0.0301643
-0.137929
-0.0186868
0.0494488
-0.0947742
-0.128555
0.0199894
0.00817725
-0.140954
-0.0910824
0.0416292
-0.0469589
-0.156449
-0.0381934
0.038553
-0.100293
-0.137272
0.0137754
0.0115173
-0.135693
-0.0888559
0.0497747
-0.0305085
-0.141431
-0.0244559
0.0605135
-0.0731186
-0.113809
0.0387216
0.0451199
-0.100957
-0.0584408
0.0845126
0.0112045
-0.10255
0.0112118
0.102422
-0.0276774
-0.0740192
0.0776245
0.0905092
-0.0563802
-0.0205214
0.124203
0.0556936
-0.063005
0.0450201
0.140003
0.0114005
-0.0427432
0.105551
0.122774
-0.0267126
0.000452873
0.144806
0.0794424
-0.04565
0.0548922
0.152052
0.0238923
-0.039104
0.104565
0.12524
-0.0272717
-0.00939318
0.13394
0.0716183
-0.0597014
0.0332738
0.132694
0.00562982
-0.0655284
0.0739819
0.0989488
-0.0552881
-0.0455692
0.0977744
0.0400255
-0.095747
-0.0088644
0.0943792
-0.0295212
-0.106793
0.0302928
0.0615568
-0.0920218
-0.0883391
0.0569229
0.00603968
-0.131744
-0.0489244
0.0601258
-0.0582397
-0.139379
-0.00290976
0.0365919
-0.11412
-0.114631
0.0340437
-0.00821816
-0.146204
-0.0661554
0.0498256
-0.0615925
-0.145386
-0.00885838
0.0395923
-0.10734
-0.111556
0.0405992
0.00722186
-0.130681
-0.0536686
0.0687604
-0.035927
-0.12279
0.0128363
0.0692965
-0.0745733
-0.0836011
0.0705164
0.0447289
-0.0943049
-0.0220357
0.104958
0.00544719
-0.0861468
0.0464445
0.108869
-0.0336634
-0.0495101
0.10424
0.0840267
-0.0579502
0.00738339
0.136666
0.0405001
-0.057634
0.0697511
0.136155
-0.00658305
-0.0309469
0.120513
0.104362
-0.0417471
0.0151915
0.145303
0.0515511
-0.053923
0.0671749
0.136724
-0.0065362
-0.0398085
0.108791
0.096581
-0.0533995
-0.00482314
0.126157
0.0354109
-0.0766535
0.0386272
0.112015
-0.0305562
-0.0716075
0.0750439
0.0680893
-0.0840954
-0.0424824
0.0907017
0.00477798
-0.111951
-0.000917574
0.0780071
-0.0617428
-0.108594
0.0377672
0.0380182
-0.114153
-0.0776492
0.0594081
-0.0196515
-0.138986
-0.0306012
0.0554602
-0.0795336
-0.130493
0.0168354
0.0257277
-0.124813
-0.0922465
0.0495625
-0.0214736
-0.142298
-0.0359886
0.0576986
-0.071776
-0.126366
0.0219116
0.0395456
-0.109107
-0.0806895
0.0653274
0.00202895
-0.12061
-0.0172382
0.0831128
-0.0415138
-0.100654
0.0471758
0.0722931
-0.0755194
-0.0527094
0.0957633
0.0387615
-0.0870867
0.011484
0.116596
-0.00471129
-0.0700772
0.0752323
0.105976
-0.0425374
-0.0271775
0.121698
0.0693423
-0.0612029
0.030715
0.138778
0.0194563
-0.053502
0.0876139
0.122604
-0.0275722
-0.0208267
0.127145
0.0786056
-0.0572127
0.0271856
0.137422
0.0198451
-0.0609076
0.0755462
0.114633
-0.0368911
-0.0386076
0.108479
0.0642537
-0.0760607
0.00130869
0.114275
-0.000477758
-0.0879091
0.0446995
0.0889703
-0.0623814
-0.0712336
0.0760939
0.0377237
-0.105314
-0.0335491
0.0835464
-0.0265335
-0.118821
0.0113772
0.0624349
-0.0867861
-0.101087
0.0478641
0.0170425
-0.126869
-0.0592967
0.0632058
-0.040568
-0.136178
-0.00733474
0.0516293
-0.0940611
-0.112748
0.0384939
0.0161166
-0.127672
-0.0637881
0.0644137
-0.0324615
-0.130931
-0.00350593
0.063313
-0.0786409
-0.101856
0.0511118
0.0368178
-0.107096
-0.047636
0.0853096
-0.00531053
-0.107374
0.0173954
0.0908589
-0.0482653
-0.0772036
0.0759071
0.0683614
-0.0768268
-0.0233551
0.1126
0.0268809
-0.0801305
0.0402042
0.118622
-0.0189703
-0.0551193
0.0963343
0.0940578
-0.0535978
-0.00762728
0.129723
0.0477521
-0.0652581
0.0492442
0.131371
-0.00546105
-0.0496919
0.0989804
0.101223
-0.0492864
-0.0114574
0.126583
0.0481614
-0.0708841
0.0374405
0.123096
-0.0126468
-0.0646948
0.0812132
0.0883629
-0.0642344
-0.0340269
0.105135
0.031179
-0.0928252
0.0100639
0.100109
-0.0332115
-0.0918306
0.0522557
0.06556
-0.08754
-0.0636648
0.0777403
0.00978393
-0.117536
-0.0188454
0.0768514
-0.0523808
-0.116055
0.0273356
0.0481323
-0.103863
-0.0850756
0.0595547
-0.00109026
-0.130366
-0.0349898
0.0671775
-0.0568116
-0.124585
0.0186046
0.0475258
-0.102506
-0.088354
0.0596305
0.00670493
-0.12409
-0.0321009
0.0763545
-0.0422584
-0.114197
0.0282446
0.0648585
-0.0834059
-0.0744725
0.0759531
0.0301195
-0.102757
-0.015197
0.0984066
-0.015618
-0.0926523
0.0476675
0.0907484
-0.0566763
-0.0542093
0.0971244
0.0571884
-0.0788187
0.00285463
0.120101
0.00958177
-0.0736852
0.062999
0.111237
-0.0362776
-0.0414417
0.109408
0.0743768
-0.0655228
0.00916409
0.128953
0.0213251
-0.068766
0.0633658
0.116085
-0.0317553
-0.0449621
0.104793
0.0744835
-0.0692119
-0.0017182
0.120414
0.0159796
-0.0805771
0.0470406
0.104508
-0.0429422
-0.0636432
0.0853445
0.0604841
-0.0860034
-0.0250204
0.100097
-3.15443e-05
-0.101906
0.0219802
0.085147
-0.060555
-0.0875949
0.0614924
0.0432827
-0.104564
-0.0490327
0.080009
-0.0144707
-0.120332
0.000723507
0.0705746
-0.0720433
-0.10434
0.0455663
0.0349853
-0.113056
-0.0622403
0.071269
-0.016674
-0.125679
-0.00709707
0.0698177
-0.0690231
-0.106161
0.0445682
0.0418349
-0.106011
-0.0599628
0.0777313
-0.00363218
-0.115777
-0.000157288
0.0833342
-0.0518946
-0.0942947
0.0564273
0.0609275
-0.0871312
-0.0466708
0.0941691
0.0186985
-0.0972609
0.0142694
0.103235
-0.0291139
-0.0777007
0.0717186
0.0824119
-0.0666292
-0.032871
0.10982
0.0393518
-0.0812237
0.0250185
0.118325
-0.0118419
-0.0674329
0.0795431
0.0955852
-0.0549439
-0.0286768
0.114932
0.0489788
-0.0765481
0.0237191
0.120769
-0.00734053
-0.0701274
0.0739131
0.0951207
-0.0567047
-0.0379896
0.106331
0.0451405
-0.0849138
0.00945686
0.110399
-0.0150286
-0.0844462
0.0569039
0.0838016
-0.068428
-0.0566361
0.0888404
0.033272
-0.100288
-0.0111698
0.0943243
-0.0273255
-0.102362
0.0369389
0.0703855
-0.081058
-0.0752992
0.0719739
0.0230255
-0.112914
-0.0283488
0.0823439
-0.0344942
-0.114232
0.0235093
0.0641493
-0.0855684
-0.085236
0.0641333
0.0224117
-0.115196
-0.0349292
0.0811108
-0.0304101
-0.114471
0.0216302
0.0694995
-0.0781703
-0.0832771
0.0678424
0.0332908
-0.105924
-0.0303528
0.0905176
-0.015841
-0.104482
0.0292719
0.0837778
-0.0621227
-0.0732483
0.0787201
0.050743
-0.0905143
-0.0204894
0.104255
0.00249908
-0.091328
0.0390575
0.0993176
-0.0453315
-0.063237
0.0885277
0.066412
-0.0773788
-0.0137597
0.113921
0.0162709
-0.0832249
0.0429313
0.108249
-0.0354339
-0.0605951
0.0902232
0.0735887
-0.0728466
-0.0160748
0.114034
0.020443
-0.084713
0.0368626
0.107049
-0.0354208
-0.0677563
0.0819267
0.070941
-0.0776848
-0.0276296
0.104951
0.0159145
-0.0943419
0.0228385
0.0982109
-0.0423056
-0.081244
0.067572
0.0628228
-0.0871315
-0.0432741
0.0921614
0.00848233
-0.106025
0.0072009
0.0882785
-0.0493727
-0.0941918
0.0541283
0.0562562
-0.0941354
-0.0559563
0.0826663
0.00505263
-0.112966
-0.00340178
0.0837024
-0.0503957
-0.100613
0.0473044
0.0566305
-0.0936385
-0.0609635
0.0807948
0.00954762
-0.111652
-0.00587567
0.0871253
-0.0431885
-0.098768
0.0483777
0.064746
-0.0853049
-0.058411
0.0859699
0.0209298
-0.103551
-0.00211102
0.0962337
-0.0304675
-0.0917422
0.0539076
0.0768131
-0.0732367
-0.0526778
0.0935462
0.0343086
-0.0937555
0.00263335
0.105612
-0.0177712
-0.085149
0.0582278
0.0871296
-0.0631302
-0.0494124
0.0979383
0.0441831
-0.0876349
0.00314637
0.110219
-0.00994644
-0.0835989
0.0569795
0.0915934
-0.0588001
-0.0521128
0.0959652
0.0476949
-0.0876972
-0.00271579
0.108262
-0.0084234
-0.0881411
0.0494895
0.089891
-0.0601924
-0.0603499
0.0884105
0.0459649
-0.0924782
-0.0131536
0.101846
-0.0108091
-0.0960925
0.0387072
0.085203
-0.0639058
-0.0705096
0.0790648
0.0429279
-0.097906
-0.023977
0.0952362
-0.0127862
-0.103091
0.0290102
0.0818821
-0.0656268
-0.0783276
0.0721078
0.0426472
-0.100039
-0.0313806
0.0920663
-0.0109122
-0.105884
0.0234422
0.0827325
-0.0627941
-0.0814819
0.0696002
0.0469037
-0.0973656
-0.0341213
0.0932908
