-0.00583858
0.146899
0.131886
-0.0132247
0.0445664
0.175375
0.0821646
-0.0229235
0.0983996
0.168009
0.024649
-0.00888204
0.139297
0.126506
-0.0242076
0.0234861
0.153434
0.0615142
-0.0518561
0.0619903
0.13382
-0.0104216
-0.0532444
0.0915387
0.082628
-0.0715854
-0.0320644
0.0989711
0.0108551
-0.108095
0.000698231
0.0773709
-0.064627
-0.113708
0.0304475
0.0285286
-0.125761
-0.0913138
0.0437548
-0.0372135
-0.158362
-0.0516923
0.0327609
-0.103723
-0.156044
-0.00994745
-0.00215045
-0.15364
-0.121871
0.0192907
-0.052237
-0.173391
-0.0672497
0.0264279
-0.102894
-0.157167
-0.00841472
0.00984839
-0.138019
-0.108665
0.0384302
-0.0236517
-0.144938
-0.0400877
0.0618572
-0.0610651
-0.118396
0.0313319
0.0584276
-0.0873329
-0.0624075
0.0882281
0.0334268
-0.0901903
0.0106281
0.117989
-0.00107603
-0.0642156
0.0832888
0.116183
-0.0302309
-0.012833
0.138003
0.0875236
-0.0412373
0.0523623
0.161992
0.0441167
-0.0275195
0.114783
0.150816
0.00153901
0.00903512
0.157601
0.109496
-0.0260451
0.0584702
0.168659
0.0508723
-0.0302474
0.10568
0.144081
-0.00827884
-0.010977
0.134982
0.0894914
-0.0522166
0.0236366
0.134968
0.0184736
-0.0707946
0.0598878
0.102151
-0.0512751
-0.0622565
0.0828929
0.0423077
-0.102966
-0.0334482
0.0813967
-0.030923
-0.125425
0.00259343
0.0515132
-0.0997877
-0.116099
0.0309178
-0.00175261
