-0.00583858
0.146899
0.131886
-0.0132247
0.0445664
0.175375
0.0821646
-0.0229235
0.0983996
0.168009
0.024649
-0.00888204
0.139297
0.126506
-0.0242076
0.0234861
0.153434
0.0615142
-0.0518561
0.0619903
0.13382
-0.0104216
-0.0532444
0.0915387
0.082628
-0.0715854
-0.0320644
0.0989711
0.0108551
-0.108095
0.000698231
0.0773709
-0.064627
-0.113708
0.0304475
0.0285286
-0.125761
-0.0913138
0.0437548
-0.0372135
-0.158362
-0.0516923
0.0327609
-0.103723
-0.156044
-0.00994745
-0.00215045
-0.15364
-0.121871
0.0192907
-0.052237
-0.173391
-0.0672497
0.0264279
-0.102894
-0.157167
-0.00841472
0.00984839
-0.138019
-0.108665
0.0384302
-0.0236517
-0.144938
-0.0400877
0.0618572
-0.0610651
-0.118396
0.0313319
0.0584276
-0.0873329
-0.0624075
0.0882281
0.0334268
-0.0901903
0.0106281
0.117989
-0.00107603
-0.0642156
0.0832888
0.116183
-0.0302309
-0.012833
0.138003
0.0875236
-0.0412373
0.0523623
0.161992
0.0441167
-0.0275195
0.114783
0.150816
0.00153901
0.00903512
0.157601
0.109496
-0.0260451
0.0584702
0.168659
0.0508723
-0.0302474
0.10568
0.144081
-0.00827884
-0.010977
0.134982
0.0894914
-0.0522166
0.0236366
0.134968
0.0184736
-0.0707946
0.0598878
0.102151
-0.0512751
-0.0622565
0.0828929
0.0423077
-0.102966
-0.0334482
0.0813967
-0.030923
-0.125425
0.00259343
0.0515132
-0.0997877
-0.116099
0.0309178
-0.00175261
-0.147413
-0.081482
0.0394909
-0.0656901
-0.162574
-0.034869
0.0230965
-0.123443
-0.142826
0.00787533
-0.0148869
-0.158897
-0.0950724
0.0332293
-0.0633851
-0.161431
-0.0334242
0.0341279
-0.106941
-0.129121
0.0250203
0.0120329
-0.130443
-0.0694239
0.065191
-0.0236562
-0.123849
0.00287664
0.0783681
-0.0586623
-0.0854504
0.0698515
0.064526
-0.0784197
-0.0226957
0.115505
0.0320166
-0.0727881
0.0497153
0.13025
-0.00528567
-0.0394455
0.113914
0.113451
-0.0324896
0.0150884
0.153926
0.0733158
-0.0384626
0.0771328
0.160205
0.0241707
-0.0194132
0.129748
0.132318
-0.0180239
0.0198135
0.157698
0.0789578
-0.0405622
0.0671311
0.151999
0.0153189
-0.0378077
0.106881
0.112676
-0.0413996
-0.0127866
0.124669
0.0489028
-0.0769995
0.02391
0.111901
-0.0235347
-0.0843158
0.0575683
0.0686402
-0.0867059
-0.0650792
0.0740822
0.0038996
-0.125613
-0.0290728
0.0645233
-0.0667453
-0.132379
0.00913601
0.0281484
-0.125525
-0.108303
0.0348799
-0.0270859
-0.157545
-0.063211
0.038057
-0.0866803
-0.155044
-0.012289
0.0163551
-0.133791
-0.119588
0.0286055
-0.0239517
-0.154217
-0.0615411
0.0477501
-0.0698788
-0.140687
0.00302001
0.0410277
-0.105718
-0.0951478
0.0570189
0.0130228
-0.117925
-0.0283567
0.08732
-0.0245741
-0.0994283
0.0431056
0.0884214
-0.0567546
-0.0520362
0.101535
0.0638126
-0.0700126
0.0137979
0.133122
