-0.00583858
0.146899
0.131886
-0.0132247
0.0445664
0.175375
0.0821646
-0.0229235
0.0983996
0.168009
0.024649
-0.00888204
0.139297
0.126506
-0.0242076
0.0234861
0.153434
0.0615142
-0.0518561
0.0619903
0.13382
-0.0104216
-0.0532444
0.0915387
0.082628
-0.0715854
-0.0320644
0.0989711
0.0108551
-0.108095
0.000698231
0.0773709
-0.064627
-0.113708
0.0304475
0.0285286
-0.125761
-0.0913138
0.0437548
-0.0372135
-0.158362
-0.0516923
0.0327609
-0.103723
-0.156044
-0.00994745
-0.00215045
-0.15364
-0.121871
0.0192907
-0.052237
-0.173391
-0.0672497
0.0264279
-0.102894
-0.157167
-0.00841472
0.00984839
-0.138019
-0.108665
0.0384302
-0.0236517
-0.144938
-0.0400877
0.0618572
-0.0610651
-0.118396
0.0313319
0.0584276
-0.0873329
-0.0624075
0.0882281
0.0334268
-0.0901903
0.0106281
0.117989
-0.00107603
-0.0642156
0.0832888
0.116183
-0.0302309
-0.012833
0.138003
0.0875236
-0.0412373
0.0523623
0.161992
0.0441167
-0.0275195
0.114783
0.150816
0.00153901
0.00903512
0.157601
0.109496
-0.0260451
0.0584702
0.168659
0.0508723
-0.0302474
0.10568
0.144081
-0.00827884
-0.010977
0.134982
0.0894914
-0.0522166
0.0236366
0.134968
0.0184736
-0.0707946
0.0598878
0.102151
-0.0512751
-0.0622565
0.0828929
0.0423077
-0.102966
-0.0334482
0.0813967
-0.030923
-0.125425
0.00259343
0.0515132
-0.0997877
-0.116099
0.0309178
-0.00175261
-0.147413
-0.081482
0.0394909
-0.0656901
-0.162574
-0.034869
0.0230965
-0.123443
-0.142826
0.00787533
-0.0148869
-0.158897
-0.0950724
0.0332293
-0.0633851
-0.161431
-0.0334242
0.0341279
-0.106941
-0.129121
0.0250203
0.0120329
-0.130443
-0.0694239
0.065191
-0.0236562
-0.123849
0.00287664
0.0783681
-0.0586623
-0.0854504
0.0698515
0.064526
-0.0784197
-0.0226957
0.115505
0.0320166
-0.0727881
0.0497153
0.13025
-0.00528567
-0.0394455
0.113914
0.113451
-0.0324896
0.0150884
0.153926
0.0733158
-0.0384626
0.0771328
0.160205
0.0241707
-0.0194132
0.129748
0.132318
-0.0180239
0.0198135
0.157698
0.0789578
-0.0405622
0.0671311
0.151999
0.0153189
-0.0378077
0.106881
0.112676
-0.0413996
-0.0127866
0.124669
0.0489028
-0.0769995
0.02391
0.111901
-0.0235347
-0.0843158
0.0575683
0.0686402
-0.0867059
-0.0650792
0.0740822
0.0038996
-0.125613
-0.0290728
0.0645233
-0.0667453
-0.132379
0.00913601
0.0281484
-0.125525
-0.108303
0.0348799
-0.0270859
-0.157545
-0.063211
0.038057
-0.0866803
-0.155044
-0.012289
0.0163551
-0.133791
-0.119588
0.0286055
-0.0239517
-0.154217
-0.0615411
0.0477501
-0.0698788
-0.140687
0.00302001
0.0410277
-0.105718
-0.0951478
0.0570189
0.0130228
-0.117925
-0.0283567
0.08732
-0.0245741
-0.0994283
0.0431056
0.0884214
-0.0567546
-0.0520362
0.101535
0.0638126
-0.0700126
0.0137979
0.133122
0.0246126
-0.056719
0.081812
0.131796
-0.0140763
-0.0177111
0.134543
0.100784
-0.0379771
0.0377068
0.158342
0.051408
-0.0381417
0.0943724
0.14731
-0.000470979
-0.0137783
0.135713
0.104977
-0.0392994
0.0274596
0.148703
0.0432332
-0.0544968
0.071812
0.12784
-0.0211701
-0.0435405
0.103672
0.0769388
-0.0715036
-0.0125492
0.110472
0.00819312
-0.0958715
0.0257937
0.0867163
-0.0612366
-0.0905214
0.0563343
0.0359175
-0.114095
-0.06068
0.0663034
-0.0301643
-0.137929
-0.0186868
0.0494488
-0.0947742
-0.128555
0.0199894
0.00817725
-0.140954
-0.0910824
0.0416292
-0.0469589
-0.156449
-0.0381934
0.038553
-0.100293
-0.137272
0.0137754
0.0115173
-0.135693
-0.0888559
0.0497747
-0.0305085
-0.141431
-0.0244559
0.0605135
-0.0731186
-0.113809
0.0387216
0.0451199
-0.100957
-0.0584408
0.0845126
0.0112045
-0.10255
0.0112118
0.102422
-0.0276774
-0.0740192
0.0776245
0.0905092
-0.0563802
-0.0205214
0.124203
0.0556936
-0.063005
0.0450201
0.140003
0.0114005
-0.0427432
0.105551
0.122774
-0.0267126
0.000452873
0.144806
0.0794424
-0.04565
0.0548922
0.152052
0.0238923
-0.039104
0.104565
0.12524
-0.0272717
-0.00939318
0.13394
0.0716183
-0.0597014
0.0332738
0.132694
0.00562982
-0.0655284
0.0739819
0.0989488
-0.0552881
-0.0455692
0.0977744
0.0400255
-0.095747
-0.0088644
0.0943792
-0.0295212
-0.106793
0.0302928
0.0615568
-0.0920218
-0.0883391
0.0569229
0.00603968
-0.131744
-0.0489244
0.0601258
-0.0582397
-0.139379
-0.00290976
0.0365919
-0.11412
-0.114631
0.0340437
-0.00821816
-0.146204
-0.0661554
0.0498256
-0.0615925
-0.145386
-0.00885838
0.0395923
-0.10734
-0.111556
0.0405992
0.00722186
-0.130681
-0.0536686
0.0687604
-0.035927
-0.12279
0.0128363
0.0692965
-0.0745733
-0.0836011
0.0705164
0.0447289
-0.0943049
-0.0220357
0.104958
0.00544719
-0.0861468
0.0464445
0.108869
-0.0336634
-0.0495101
0.10424
0.0840267
-0.0579502
0.00738339
0.136666
0.0405001
-0.057634
0.0697511
0.136155
-0.00658305
-0.0309469
0.120513
0.104362
-0.0417471
0.0151915
0.145303
0.0515511
-0.053923
0.0671749
0.136724
-0.0065362
-0.0398085
0.108791
0.096581
-0.0533995
-0.00482314
0.126157
0.0354109
-0.0766535
0.0386272
0.112015
-0.0305562
-0.0716075
0.0750439
0.0680893
-0.0840954
-0.0424824
0.0907017
0.00477798
-0.111951
-0.000917574
0.0780071
-0.0617428
-0.108594
0.0377672
0.0380182
-0.114153
-0.0776492
0.0594081
-0.0196515
-0.138986
-0.0306012
0.0554602
-0.0795336
-0.130493
0.0168354
0.0257277
-0.124813
-0.0922465
0.0495625
-0.0214736
-0.142298
-0.0359886
0.0576986
-0.071776
-0.126366
0.0219116
0.0395456
-0.109107
-0.0806895
0.0653274
0.00202895
-0.12061
-0.0172382
0.0831128
-0.0415138
-0.100654
0.0471758
0.0722931
-0.0755194
-0.0527094
0.0957633
0.0387615
-0.0870867
0.011484
0.116596
-0.00471129
-0.0700772
0.0752323
0.105976
-0.0425374
-0.0271775
0.121698
0.0693423
-0.0612029
0.030715
0.138778
0.0194563
-0.053502
0.0876139
0.122604
-0.0275722
-0.0208267
0.127145
0.0786056
-0.0572127
0.0271856
0.137422
0.0198451
-0.0609076
0.0755462
0.114633
-0.0368911
-0.0386076
0.108479
0.0642537
-0.0760607
0.00130869
0.114275
-0.000477758
-0.0879091
0.0446995
0.0889703
-0.0623814
-0.0712336
0.0760939
0.0377237
-0.105314
-0.0335491
0.0835464
-0.0265335
-0.118821
0.0113772
0.0624349
-0.0867861
-0.101087
0.0478641
0.0170425
-0.126869
-0.0592967
0.0632058
-0.040568
-0.136178
-0.00733474
0.0516293
-0.0940611
-0.112748
0.0384939
0.0161166
-0.127672
-0.0637881
0.0644137
-0.0324615
-0.130931
-0.00350593
0.063313
-0.0786409
-0.101856
0.0511118
0.0368178
-0.107096
-0.047636
0.0853096
-0.00531053
-0.107374
0.0173954
0.0908589
-0.0482653
-0.0772036
0.0759071
0.0683614
-0.0768268
-0.0233551
0.1126
0.0268809
-0.0801305
0.0402042
0.118622
-0.0189703
-0.0551193
0.0963343
0.0940578
-0.0535978
-0.00762728
0.129723
0.0477521
-0.0652581
0.0492442
0.131371
-0.00546105
-0.0496919
0.0989804
0.101223
-0.0492864
-0.0114574
0.126583
0.0481614
-0.0708841
0.0374405
0.123096
-0.0126468
-0.0646948
0.0812132
0.0883629
-0.0642344
-0.0340269
0.105135
0.031179
-0.0928252
0.0100639
0.100109
-0.0332115
-0.0918306
0.0522557
0.06556
-0.08754
-0.0636648
0.0777403
0.00978393
-0.117536
-0.0188454
0.0768514
-0.0523808
-0.116055
0.0273356
0.0481323
-0.103863
-0.0850756
0.0595547
-0.00109026
-0.130366
-0.0349898
0.0671775
-0.0568116
-0.124585
0.0186046
0.0475258
-0.102506
-0.088354
0.0596305
0.00670493
-0.12409
-0.0321009
0.0763545
-0.0422584
-0.114197
0.0282446
0.0648585
-0.0834059
-0.0744725
0.0759531
0.0301195
-0.102757
-0.015197
0.0984066
-0.015618
-0.0926523
0.0476675
0.0907484
-0.0566763
-0.0542093
0.0971244
0.0571884
-0.0788187
0.00285463
0.120101
0.00958177
-0.0736852
0.062999
0.111237
-0.0362776
-0.0414417
0.109408
0.0743768
-0.0655228
0.00916409
0.128953
0.0213251
-0.068766
0.0633658
0.116085
-0.0317553
-0.0449621
0.104793
0.0744835
-0.0692119
-0.0017182
0.120414
0.0159796
-0.0805771
0.0470406
0.104508
-0.0429422
-0.0636432
0.0853445
0.0604841
-0.0860034
-0.0250204
0.100097
-3.15443e-05
-0.101906
0.0219802
0.085147
-0.060555
-0.0875949
0.0614924
0.0432827
-0.104564
-0.0490327
0.080009
-0.0144707
-0.120332
0.000723507
0.0705746
-0.0720433
-0.10434
0.0455663
0.0349853
-0.113056
-0.0622403
0.071269
-0.016674
-0.125679
-0.00709707
0.0698177
-0.0690231
-0.106161
0.0445682
0.0418349
-0.106011
-0.0599628
0.0777313
-0.00363218
-0.115777
-0.000157288
0.0833342
-0.0518946
-0.0942947
0.0564273
0.0609275
-0.0871312
-0.0466708
0.0941691
0.0186985
-0.0972609
0.0142694
0.103235
-0.0291139
-0.0777007
0.0717186
0.0824119
-0.0666292
-0.032871
0.10982
0.0393518
-0.0812237
0.0250185
0.118325
-0.0118419
-0.0674329
0.0795431
0.0955852
-0.0549439
-0.0286768
0.114932
0.0489788
-0.0765481
0.0237191
0.120769
-0.00734053
-0.0701274
0.0739131
0.0951207
-0.0567047
-0.0379896
0.106331
0.0451405
-0.0849138
0.00945686
0.110399
-0.0150286
-0.0844462
0.0569039
0.0838016
-0.068428
-0.0566361
0.0888404
0.033272
-0.100288
-0.0111698
0.0943243
-0.0273255
-0.102362
0.0369389
0.0703855
-0.081058
-0.0752992
0.0719739
0.0230255
-0.112914
-0.0283488
0.0823439
-0.0344942
-0.114232
0.0235093
0.0641493
-0.0855684
-0.085236
0.0641333
0.0224117
-0.115196
-0.0349292
0.0811108
-0.0304101
-0.114471
0.0216302
0.0694995
-0.0781703
-0.0832771
0.0678424
0.0332908
-0.105924
-0.0303528
0.0905176
-0.015841
-0.104482
0.0292719
0.0837778
-0.0621227
-0.0732483
0.0787201
0.050743
-0.0905143
-0.0204894
0.104255
0.00249908
-0.091328
0.0390575
0.0993176
-0.0453315
-0.063237
0.0885277
0.066412
-0.0773788
-0.0137597
0.113921
0.0162709
-0.0832249
0.0429313
0.108249
-0.0354339
-0.0605951
0.0902232
0.0735887
-0.0728466
-0.0160748
0.114034
0.020443
-0.084713
0.0368626
0.107049
-0.0354208
-0.0677563
0.0819267
0.070941
-0.0776848
-0.0276296
0.104951
0.0159145
-0.0943419
0.0228385
0.0982109
-0.0423056
-0.081244
0.067572
0.0628228
-0.0871315
-0.0432741
0.0921614
0.00848233
-0.106025
0.0072009
0.0882785
-0.0493727
-0.0941918
0.0541283
0.0562562
-0.0941354
-0.0559563
0.0826663
0.00505263
-0.112966
-0.00340178
0.0837024
-0.0503957
-0.100613
0.0473044
0.0566305
-0.0936385
-0.0609635
0.0807948
0.00954762
-0.111652
-0.00587567
0.0871253
-0.0431885
-0.098768
0.0483777
0.064746
-0.0853049
-0.058411
0.0859699
0.0209298
-0.103551
-0.00211102
0.0962337
-0.0304675
-0.0917422
0.0539076
0.0768131
-0.0732367
-0.0526778
0.0935462
0.0343086
-0.0937555
0.00263335
0.105612
-0.0177712
-0.085149
0.0582278
0.0871296
-0.0631302
-0.0494124
0.0979383
0.0441831
-0.0876349
0.00314637
0.110219
-0.00994644
-0.0835989
0.0569795
0.0915934
-0.0588001
-0.0521128
0.0959652
0.0476949
-0.0876972
-0.00271579
0.108262
-0.0084234
-0.0881411
0.0494895
0.089891
-0.0601924
-0.0603499
0.0884105
0.0459649
-0.0924782
-0.0131536
0.101846
-0.0108091
-0.0960925
0.0387072
0.085203
-0.0639058
-0.0705096
0.0790648
0.0429279
-0.097906
-0.023977
0.0952362
-0.0127862
-0.103091
0.0290102
0.0818821
-0.0656268
-0.0783276
0.0721078
0.0426472
-0.100039
-0.0313806
0.0920663
-0.0109122
-0.105884
0.0234422
0.0827325
-0.0627941
-0.0814819
0.0696002
0.0469037
-0.0973656
-0.0341213
0.0932908
-0.00452316
-0.104079
0.0221211
0.0875854
-0.0558498
-0.0806669
0.0705912
0.0544889
-0.091327
-0.0338526
0.0970393
0.00430537
-0.0999252
0.0226396
0.0938741
-0.0474959
-0.0786868
0.072181
0.0624139
-0.0849675
-0.0336484
0.10021
0.0124597
-0.0965118
0.0219478
0.0985881
-0.0406792
-0.0783936
0.0716169
0.0680274
-0.0808089
-0.0358799
0.100578
0.0178662
-0.0957332
0.0183376
0.100195
-0.0367443
-0.0809241
0.0679624
0.0705825
-0.0793939
-0.0408775
0.0980056
0.0205751
-0.0973394
0.0122529
0.09931
-0.0349096
-0.0853217
0.0623304
0.0713244
-0.0793427
-0.0471286
0.0941109
0.0222897
-0.0995363
0.00556553
0.0978496
-0.0332206
-0.0895925
0.0567309
0.0722517
-0.0786686
-0.0526615
0.0908213
0.024876
-0.100514
1.82906e-05
0.0974621
-0.0301301
-0.0922825
0.0525082
0.0745774
-0.0762838
-0.0565081
0.0889658
0.0290136
-0.0997282
-0.003977
0.0984079
-0.0255255
-0.093408
0.049512
0.0780064
-0.0726117
-0.0592028
0.0878902
0.0339284
-0.0980468
-0.00737304
0.0996421
-0.0205318
-0.0941469
0.0465154
0.0812584
-0.0689638
-0.062065
0.0862642
0.0382824
-0.0967877
-0.0114525
0.0999098
-0.0163639
-0.0956466
0.0424413
0.0833202
-0.0662699
-0.0659209
0.0833577
0.0414396
-0.096471
-0.0166107
0.0989263
-0.0131924
-0.0979442
0.0373814
0.0843962
-0.0642041
-0.0703119
0.0797458
0.0440778
-0.0963045
-0.0219422
0.0976866
-0.00994019
-0.0998711
0.0325825
0.0857856
-0.0614152
-0.0738317
0.0768655
0.047644
-0.0948269
-0.0259774
0.097639
-0.00519259
-0.10004
0.0293877
0.0887599
-0.0567057
-0.0753534
0.0757503
0.0530576
-0.0912265
-0.0280142
0.0993507
0.00147439
-0.0981594
0.0279493
0.0933104
-0.0502408
-0.075186
0.0759338
0.059684
-0.0862898
-0.0289825
0.101735
0.00881911
-0.0956017
0.026766
0.0977979
-0.0437811
-0.0751878
0.0754591
0.0654666
-0.0821463
-0.0310642
0.102553
0.0145575
-0.094665
0.0235389
0.0999203
-0.0396107
-0.0775938
0.0721443
0.0682794
-0.0808368
-0.0361919
0.0999794
0.0169787
-0.0969135
0.0168621
0.0984242
-0.0388131
-0.0832922
0.0652955
0.067618
-0.0826555
-0.0444346
0.0941568
0.0164389
-0.101759
0.00755551
0.0943431
-0.040138
-0.0908031
0.0566072
0.0653722
-0.0855112
-0.0534995
0.0875544
0.0155656
-0.106411
-0.00143893
0.0907373
-0.0404183
-0.0968529
0.0494334
0.0649439
-0.0859602
-0.0599096
0.0836466
0.0178047
-0.107453
-0.00675713
0.0908822
-0.0364834
-0.0983787
0.0467008
0.0690909
-0.0814194
-0.0612634
0.0846211
0.0251085
-0.103167
-0.00692455
0.0959778
-0.0274153
-0.0947374
0.0487627
0.0778552
-0.0721508
-0.0581182
0.0896093
0.0362894
-0.0950406
-0.00372055
0.10394
-0.0155929
-0.0885762
0.052707
0.0880574
-0.0615756
-0.0541093
0.094764
0.0472996
-0.0872847
-0.00149738
0.110281
-0.00561509
-0.0845637
0.0538139
0.0949363
-0.0544601
-0.0539696
0.0953984
0.0535153
-0.0844172
-0.0046362
0.110765
-0.00154868
-0.0865548
0.0484582
0.095103
-0.0539254
-0.0605188
0.0889988
0.0527376
-0.0882908
-0.0146245
0.104262
-0.00415096
-0.0949105
0.0366767
0.0889801
-0.0591513
-0.0725256
0.0771925
0.0469748
-0.0965061
-0.0286751
0.0939206
-0.00992977
-0.10579
0.022637
0.081027
-0.065399
-0.0849801
0.0652236
0.0416694
-0.103434
-0.0409948
0.0856506
-0.0128886
-0.113126
0.0124448
0.0773369
-0.0666119
-0.0918809
0.0589934
0.0425787
-0.103479
-0.0461722
0.0846303
-0.00811467
-0.11228
0.0104297
0.0818896
-0.0591773
-0.0899899
0.061333
0.0520959
-0.0946862
-0.0427009
0.0918903
0.00493354
-0.10319
0.0161695
0.0937584
-0.0445195
-0.0812106
0.0698541
0.0673443
-0.0803965
-0.0343621
0.103207
0.0216056
-0.090895
0.0242588
0.107179
-0.0287274
-0.0719118
0.0779293
0.0814574
-0.0676666
-0.0283588
0.111253
0.0344809
-0.0828517
0.0272435
0.114723
-0.0191615
-0.0693292
0.0784768
0.0875331
-0.0631679
-0.0310845
0.10993
0.0377902
-0.0844515
0.0201413
0.111827
-0.0199295
-0.0770756
0.0683929
0.0829827
-0.0689429
-0.0440105
0.0983369
0.0312007
-0.0954327
0.003813
0.0999356
-0.0290075
-0.0925346
0.0508682
0.0715452
-0.080708
-0.062316
0.0817937
0.0205039
-0.109544
-0.0150575
0.0861137
-0.0389772
-0.107956
0.0339398
0.0614885
-0.0899935
-0.0773611
0.0690513
0.0145088
-0.117946
-0.0276452
0.0791091
-0.0412133
-0.114864
0.0258784
0.0608202
-0.0890878
-0.0817607
0.067113
0.0197894
-0.114515
-0.0283071
0.0840323
-0.0311661
-0.109282
0.0300602
0.0722769
-0.0759018
-0.0740756
0.0767417
0.0364152
-0.0998622
-0.0183346
0.0988977
-0.0115091
-0.0945438
0.0424974
0.091218
-0.0556988
-0.0601555
0.0915147
0.057411
-0.0814674
-0.00566912
0.115322
0.0089734
-0.079773
0.0537663
0.107951
-0.0383809
-0.0500485
0.101276
0.0725553
-0.0695481
-0.000466308
0.123247
0.0203744
-0.0746564
0.054449
0.113361
-0.0327029
-0.0520868
0.0981492
0.074461
-0.0709454
-0.00897615
0.117034
0.0176953
-0.0835033
0.0409481
0.104569
-0.0407981
-0.067628
0.0815518
0.0633166
-0.0846805
-0.029423
0.0992319
0.00425037
-0.102231
0.0180958
0.0871185
-0.0564293
-0.0897546
0.0590379
0.0472658
-0.102045
-0.052568
0.0795491
-0.00983524
-0.120328
-0.00326698
0.0721087
-0.0682872
-0.10699
0.0421814
0.0379077
-0.111459
-0.0669041
0.0693432
-0.0134163
-0.126905
-0.0125619
0.0697312
-0.0666166
-0.110053
0.0397298
0.0433944
-0.105399
-0.065567
0.0747624
-0.00110061
-0.117339
-0.00596621
0.0829683
-0.0492901
-0.0976696
0.0520807
0.0632284
-0.0852454
-0.0508093
0.0926739
0.0231052
-0.0964758
0.010855
0.105344
-0.0235611
-0.0778206
0.0705557
0.0880604
-0.0609599
-0.0331464
0.112044
0.0476987
-0.0762133
0.0256715
0.124338
-0.00217115
-0.0633882
0.0821897
0.104895
-0.0454888
-0.0253972
0.120234
0.0602791
-0.0686304
0.0267916
0.128691
0.00411555
-0.0645657
0.0774075
0.104814
-0.0470336
-0.0349884
0.110618
0.055054
-0.078636
0.0102219
0.115333
-0.0068258
-0.0825
0.0560438
0.0886219
-0.0638051
-0.0591401
0.0869425
0.0367123
-0.100601
-0.0174899
0.0916825
-0.0267386
-0.108118
0.0279385
0.0668639
-0.0845962
-0.0860248
0.0615828
0.0181079
-0.121242
-0.0426929
0.0716706
-0.0414806
-0.127122
0.00746667
0.0539017
-0.095122
-0.101496
0.0484595
0.0128529
-0.127309
-0.0525673
0.0676026
-0.0393272
-0.128412
0.00503567
0.0593785
-0.0865473
-0.0975614
0.0546633
0.0270861
-0.113637
-0.0429434
0.0826078
-0.0182107
-0.110981
0.0205812
0.0821364
-0.0611134
-0.077525
0.075828
0.0553864
-0.0866614
-0.0212378
0.108306
0.0125636
-0.0849972
0.0431167
0.110408
-0.0313035
-0.0545094
0.0982448
0.083516
-0.0610626
-0.00249212
0.129354
0.0374254
-0.0661599
0.0568914
0.128454
-0.0127541
-0.0439532
0.106742
0.0966374
-0.0512511
-0.000605906
0.13242
0.0436788
-0.0664431
0.0507157
0.125914
-0.0149348
-0.0543667
0.0938043
0.0882625
-0.0626365
-0.0198701
0.114341
0.0293067
-0.086686
0.0249363
0.104306
-0.0351545
-0.0818788
0.0644581
0.0645365
-0.0879675
-0.0519514
0.084477
0.00464708
-0.115605
-0.00827288
0.0766172
-0.0596704
-0.112044
0.0337695
0.0410583
-0.111178
-0.0803878
0.0595863
-0.0133365
-0.1361
-0.0317626
0.0599395
-0.0715314
-0.128123
0.0181689
0.0338498
-0.116725
-0.0901883
0.0540135
-0.0110282
-0.13534
-0.0335533
0.0653181
-0.0606836
-0.121093
0.0255917
0.0496987
-0.0989965
-0.0769364
0.0709359
0.0134831
-0.112676
-0.014267
0.0908423
-0.0303178
-0.0953947
0.050355
0.0816917
-0.0660919
-0.0498704
0.100006
0.0487822
-0.080519
0.0127541
0.122286
0.00452827
-0.0667865
0.0760535
0.112843
-0.0354814
-0.0268437
0.123062
0.0764859
-0.0573644
0.0290014
0.141204
0.025571
-0.0532784
0.0850373
0.125939
-0.0238398
-0.0238928
0.124778
0.0820482
-0.0568818
0.0217582
0.135885
0.0221669
-0.0643695
0.0689993
0.113896
-0.0369784
-0.0455084
0.101997
0.0636585
-0.0795066
-0.00802349
0.108649
-0.00200111
-0.0950118
0.0343256
0.0843942
-0.0659497
-0.0815039
0.0660829
0.0337935
-0.111694
-0.0457917
0.0749666
-0.0306226
-0.128118
-0.00120964
0.0557878
-0.0919014
-0.112611
0.0366088
0.0122211
-0.133567
-0.0716562
0.0546217
-0.0441239
-0.144409
-0.0187243
0.0464463
-0.0970653
-0.121742
0.0298808
0.0143675
-0.130645
-0.0721548
0.0599692
-0.0313262
-0.133925
-0.00953652
0.0637087
-0.0754801
-0.104333
0.0490258
0.0418906
-0.10274
-0.048562
0.0882547
0.003543
-0.102331
0.0192728
0.0990936
-0.0369811
-0.0715109
0.0816669
0.0812112
-0.0645495
-0.0166188
0.122758
0.0428634
-0.0680432
0.0485864
0.13286
-0.00182766
-0.043935
0.10684
0.111155
-0.0373381
0.00244194
0.142369
0.0657527
-0.0515892
0.0583347
0.145485
0.0111117
-0.0397045
0.107301
0.115411
-0.0363838
-0.00553427
0.134117
0.0604896
-0.06336
0.0395155
0.129387
-0.00427563
-0.0634116
0.0799977
0.0924709
-0.0616227
-0.038898
0.101218
0.0318366
-0.0970484
-4.61579e-05
0.093856
-0.0372766
-0.102953
0.0383551
0.057005
-0.097202
-0.0806806
0.0616562
-0.00130093
-0.132906
-0.0398571
0.0600085
-0.0662534
-0.136265
0.00474558
0.0315629
-0.120498
-0.108288
0.0378642
-0.0167758
-0.149169
-0.0586457
0.0484945
-0.0712836
-0.144238
-0.00264537
0.0332967
-0.115471
-0.106868
0.0434127
-0.00237931
-0.13504
-0.0470834
0.0671051
-0.0461566
-0.122262
0.0191601
0.0635153
-0.0824813
-0.0784414
0.0746147
0.0365397
-0.0974898
-0.0137274
0.105719
-0.00250906
-0.0834146
0.0556989
0.106426
-0.0385638
-0.041185
0.112225
0.0797554
-0.0576072
0.0195824
0.141837
0.0366154
-0.0511504
0.0832221
0.138091
-0.00771536
-0.019018
0.132513
0.103839
-0.0383817
0.0304199
0.153696
0.0502294
-0.0455531
0.0826504
0.140518
-0.006733
-0.0274405
0.121346
0.0960909
-0.0509972
0.00918587
0.133319
0.0320191
-0.0712177
0.0511322
0.112602
-0.0349591
-0.0640158
0.0829205
0.0624369
-0.0878067
-0.034781
0.0916729
-0.00546999
-0.114065
0.00420861
0.0712536
-0.074191
-0.109324
0.0377641
0.0243999
-0.126387
-0.0782621
0.052639
-0.0378214
-0.149249
-0.0329721
0.0417759
-0.0990919
-0.13811
0.0109092
0.00664726
-0.142549
-0.0976632
0.0390765
-0.0430331
-0.155722
-0.0404297
0.0429598
-0.0921539
-0.134227
0.0170459
0.0223205
-0.124756
-0.0831093
0.0591287
-0.0147438
-0.128924
-0.0154336
0.0756709
-0.0543806
-0.10053
0.0514674
0.0648674
-0.0813647
-0.0447089
0.100965
0.0335456
-0.0839433
0.0254144
0.121858
-0.00517835
-0.0576673
0.0923767
0.111439
-0.0361472
-0.00702992
0.139332
0.076018
-0.0470121
0.0556031
0.154848
0.0287594
-0.0322004
0.113475
0.136118
-0.0144917
0.00521167
0.150299
0.0896458
-0.0401168
0.0543039
0.155063
0.0292102
-0.0408811
0.0995606
0.125323
-0.0282755
-0.018081
0.12559
0.068014
-0.0677577
0.0189616
0.121892
-0.0024818
-0.0803965
0.0558971
0.0862285
-0.0684347
-0.0659842
0.0779218
0.0255633
-0.113824
-0.0327185
0.07453
-0.0457265
-0.128846
0.00557848
0.0429905
-0.109861
-0.112553
0.0339309
-0.0105227
-0.150706
-0.072839
0.0410017
-0.0725136
-0.158361
-0.0238171
0.0227386
-0.126005
-0.131941
0.0186117
-0.0162412
-0.155502
-0.0797136
0.0416462
-0.0639592
-0.151596
-0.0165783
0.0394487
-0.104691
-0.113828
0.0403598
0.014822
-0.123801
-0.0509557
0.0767917
-0.0218003
-0.112329
0.021483
0.085286
-0.0557336
-0.0699456
0.0855701
0.0672426
-0.072755
-0.00535448
0.126088
0.0321509
-0.0637083
0.0659976
0.134765
-0.00559681
-0.0275891
0.126241
0.112446
-0.0313513
0.0278453
0.160164
0.0685481
-0.0348881
0.0881507
0.159542
0.0180008
-0.0136933
0.136352
0.125447
-0.0233941
0.026153
0.157946
0.0678392
-0.0437757
0.0717728
0.145255
0.00258901
-0.0387536
0.107428
0.0998281
-0.053191
-0.0125953
0.11941
0.0321453
-0.086096
0.0232746
0.100405
-0.0412767
-0.0901928
0.0539969
0.0519847
-0.102547
-0.0684854
0.0660771
-0.0155225
-0.137443
-0.0316665
0.0517923
-0.0857991
-0.139344
0.00544097
0.0118503
-0.141116
-0.110904
0.0286533
-0.0445252
-0.167386
-0.0629844
0.0289467
-0.102136
-0.158183
-0.0111899
0.00534661
-0.144227
-0.116549
0.0289329
-0.0346974
-0.157478
-0.0540466
0.046579
-0.077572
-0.136046
0.0126522
0.0388425
-0.107715
-0.0834745
0.0666147
0.0114027
-0.112508
-0.0118519
0.0954951
-0.0234517
-0.0863539
0.061525
0.0949357
-0.0508443
-0.0327004
0.119012
0.0695278
-0.0581444
0.0366412
0.147565
0.0310686
-0.0391254
0.104693
0.142316
-0.00532979
0.00382844
0.154099
0.107728
-0.0260819
0.0601619
0.172084
0.0560115
-0.0234385
0.114123
0.154123
0.00329505
0.00205003
0.149397
0.105218
-0.0352848
0.0416701
0.154012
0.0384152
-0.0500871
0.0812427
0.12404
-0.0289879
-0.0397153
0.105565
0.0649849
-0.0804315
-0.011196
0.103248
-0.00960173
-0.104776
0.0224486
0.0704691
-0.0818524
-0.0993044
0.0464788
0.0124892
-0.134591
-0.0701639
0.0492483
-0.0575537
-0.156126
-0.0301484
0.0260707
-0.122244
-0.143426
0.00548429
-0.0190503
-0.164826
-0.102743
0.0238719
-0.0743776
-0.174013
-0.0475251
0.0186008
-0.123813
-0.147256
0.00573495
-0.00828344
-0.151687
-0.0914791
0.0424648
-0.0469195
-0.147529
-0.0210817
0.0542856
-0.0827333
-0.109382
0.0462098
0.0413239
-0.101056
-0.0446392
0.0943998
0.0118792
-0.0918503
0.0318446
0.113694
-0.0204282
-0.0530942
0.101854
0.103066
-0.0411418
0.00821879
0.1489
0.070175
-0.0397062
0.077802
0.162806
0.0286935
-0.0129998
0.138031
0.142442
-0.00611834
0.0334307
0.172969
0.0958072
-0.0222392
0.0868283
0.172978
0.0374608
-0.0146385
0.130956
0.137534
-0.0159079
0.013186
0.150988
0.0754242
-0.0504418
0.0503504
0.138086
0.0022409
-0.0591137
0.0820561
0.0922818
-0.0640605
-0.0435739
0.094331
0.0227753
-0.10824
-0.0133109
0.0785901
-0.054465
-0.121978
0.017593
0.034616
-0.121104
-0.105974
0.0351048
-0.0289715
-0.161556
-0.0693379
0.029852
-0.0969297
-0.167305
-0.0264973
0.000282046
-0.151657
-0.139166
0.00742955
-0.0466081
-0.178248
-0.0868208
0.0213719
-0.0972137
-0.168844
-0.0257997
0.011717
-0.135366
-0.124978
0.0271841
-0.016641
-0.147264
-0.057207
0.0591373
-0.0519275
-0.125809
0.0178559
0.0644638
-0.0792869
-0.0730199
0.0822376
0.0463262
-0.0855931
0.000216963
0.121642
0.0153102
-0.0637944
0.0770193
0.12934
-0.0141779
-0.0154551
0.139168
0.107774
-0.0286608
0.0493057
0.172187
0.0674343
-0.0200249
0.114494
0.16935
0.0233683
0.0117265
0.162762
0.133437
-0.00959042
0.0582545
0.180433
0.0757307
-0.0214227
0.105286
0.161544
0.0125737
-0.00995578
0.136921
0.109676
-0.0394734
0.0185868
0.140551
0.0370463
-0.0684251
0.0516763
0.110898
-0.0389041
-0.0701838
0.0745633
0.0519359
-0.1004
-0.0494022
0.0751021
-0.0239041
-0.13427
-0.0176627
0.0478323
-0.0990422
-0.135479
0.0104421
-0.0039454
-0.155611
-0.108216
0.0221139
-0.0687592
-0.180442
-0.0642598
0.0105589
-0.130078
-0.168707
-0.0191387
-0.0226939
-0.171034
-0.125146
0.0127403
-0.0680851
-0.179363
-0.0625381
0.022502
-0.110856
-0.15108
0.00213128
0.00942366
-0.135571
-0.0917874
0.0526348
-0.0190189
-0.130961
-0.0152226
0.0781321
-0.0496826
-0.0936221
0.0605503
0.0760812
-0.0680803
-0.0294246
0.118173
0.0525893
-0.0631656
0.0478184
0.145775
0.0201284
-0.0311054
0.120058
0.140099
-0.00665944
0.0231314
0.170014
0.107062
-0.0157691
0.0868831
0.186006
0.0596339
-0.00177225
0.1433
0.165189
0.0136732
0.0323222
0.176217
0.114239
-0.0169785
0.0758669
0.174942
0.0473023
-0.0246728
0.113802
0.137528
-0.0181734
-0.0101358
0.13134
0.0715399
-0.0664768
0.0179902
0.118677
-0.0079249
-0.0880421
0.0460895
0.0743124
-0.0823993
-0.0819275
0.0600849
0.00592665
-0.135161
-0.0556476
0.0501312
-0.0714687
-0.155802
-0.02245
0.0140369
-0.139592
-0.142909
0.00310891
-0.0416496
-0.181979
-0.104098
0.0099217
-0.103254
-0.188605
-0.0534078
-0.00604276
-0.15383
-0.158668
-0.00687604
-0.0403564
-0.178123
-0.100724
0.0223581
-0.0814251
-0.167152
-0.0301439
0.0279469
-0.114071
-0.12104
0.0353552
0.0120526
-0.124324
-0.04923
0.0807598
-0.0156099
-0.103951
0.0320048
0.0979006
-0.0410929
-0.053357
0.104023
0.0874658
-0.0508685
0.0180808
0.150953
0.0583189
-0.0363765
0.094352
0.163998
0.0243631
0.00293963
0.157183
0.143642
-6.41017e-05
0.0590599
0.191148
0.0991409
-0.00484752
0.117484
0.188019
0.0454732
0.0126295
0.161391
0.149075
-0.00130223
0.0465931
0.176631
0.084674
-0.0288818
0.084649
0.15605
0.0112457
-0.0322827
0.111681
0.101844
-0.0534249
-0.0150797
0.114691
0.0252168
-0.0952013
0.0120397
0.0871013
-0.0565804
-0.107421
0.0349359
0.0311915
-0.124967
-0.0924183
0.0407582
-0.0420955
-0.165136
-0.0603355
0.0222982
-0.115966
-0.170031
-0.0256056
-0.0193928
-0.172396
-0.142061
-0.00221673
-0.0749474
-0.197206
-0.0920482
0.000792656
-0.129235
-0.18409
-0.0357694
-0.0177755
-0.165775
-0.136412
0.0108598
-0.0508858
-0.171701
-0.0662312
0.0364992
-0.0854954
-0.141775
0.00914855
0.037585
-0.106722
-0.080238
0.0720805
0.0190708
-0.10268
8.41318e-05
0.109481
-0.00748899
-0.0684999
0.081179
0.116291
-0.0279005
-0.00828878
0.144768
0.0964955
-0.030107
0.0656026
0.177304
0.0614303
-0.00830081
0.135822
0.173591
0.025928
0.0349048
0.184835
0.137967
0.00350058
0.0889338
0.1999
0.0827268
0.0020351
0.138224
0.17673
0.0242886
0.0213194
0.166845
0.120755
-0.0217402
0.0531505
0.163371
0.045606
-0.0451056
0.0839899
0.124542
-0.0307361
-0.0437067
0.0993536
0.056587
-0.0909751
-0.0238317
0.0885889
-0.0262087
-0.123248
0.0022083
0.0485679
-0.105303
-0.124185
0.0202992
-0.0148523
-0.162955
-0.0994061
0.0192829
-0.0880868
-0.187072
-0.0613466
-0.00521528
-0.153458
-0.174407
-0.0251034
-0.0490836
-0.194152
-0.131211
-0.00358884
-0.100688
-0.19904
-0.0711386
-0.0034741
-0.144236
-0.165925
-0.0110806
-0.0231567
-0.164543
-0.102254
0.0338305
-0.0533679
-0.151762
-0.0230759
0.054543
-0.0802268
-0.104642
0.0531605
0.0504517
-0.0898013
-0.0313166
0.109724
0.0291262
-0.0727728
0.0526542
0.136131
0.00351901
-0.0277634
0.128439
0.13077
-0.0124645
0.0377193
0.179074
0.100867
-0.00865798
0.109046
0.194087
0.0598485
0.0178654
0.168448
0.172257
0.0229366
0.0615741
0.200058
0.121703
0.00232547
0.109935
0.19451
0.0573066
0.00341515
0.147126
0.151739
-0.00374444
0.0232437
0.15889
0.081132
-0.0469614
0.0515851
0.137072
-0.00101763
-0.0646027
0.0743666
0.082434
-0.0760176
-0.0575805
0.0783499
0.00490385
-0.127913
-0.0346828
0.0556323
-0.0788904
-0.147748
-0.00938591
0.0065699
-0.150074
-0.135721
0.00473851
-0.0597991
-0.192688
-0.100614
-0.00140365
-0.128003
-0.198039
-0.0567306
-0.029292
-0.18042
-0.166972
-0.0192734
-0.0720679
-0.202335
-0.109413
0.000396014
-0.116465
-0.186275
-0.0413182
-0.00180631
-0.146826
-0.134318
0.0200157
-0.0215995
-0.14999
-0.057687
0.0609089
-0.0479136
-0.119577
0.0262753
0.0750295
-0.0666312
-0.058342
0.098864
0.0648169
-0.0653367
0.0221333
0.145108
0.0402045
-0.0376037
0.104372
0.157715
0.0150719
0.0145154
0.169706
0.138724
0.00253821
0.0805911
0.203399
0.0984133
0.0105569
0.144521
0.19867
0.0518274
0.0391754
0.18906
0.158452
0.0140076
0.0803128
0.200841
0.0943821
-0.00462705
0.120139
0.174382
0.0233274
-0.00134412
0.143348
0.113888
-0.0375022
0.0183063
0.138023
0.0322849
-0.0753986
0.0425271
0.0996235
-0.0522469
-0.0855285
0.0572982
0.0328418
-0.121227
-0.0718556
0.0511415
-0.0492474
-0.160868
-0.0453774
0.0191473
-0.12855
-0.16566
-0.0202539
-0.0349953
-0.186857
-0.139497
-0.00903812
-0.0996201
-0.210856
-0.0940678
-0.0184866
-0.158211
-0.195786
-0.0450212
-0.0472436
-0.194126
-0.146663
-0.00708732
-0.0861199
-0.195515
-0.076723
0.0103602
-0.120893
-0.158962
-0.00355438
0.00596652
-0.136784
-0.0907519
0.0559164
-0.0135073
-0.123251
-0.00535417
0.090111
-0.0356559
-0.0776232
0.0784402
0.095772
-0.0466927
-0.00645264
0.142613
0.0783721
-0.0361765
0.0758739
0.174755
0.049882
-0.000734919
0.150889
0.171234
0.0246171
0.054385
0.201086
0.137792
0.0144575
0.116449
0.214762
0.0874303
0.0249179
0.168747
0.189264
0.0362492
0.0532804
0.195452
0.131652
-0.00148032
0.0893695
0.186383
0.0566209
-0.0175273
0.118739
0.140233
-0.0177161
-0.0119307
0.127304
0.0652866
-0.0749186
0.00740288
0.106002
-0.0226222
-0.104689
0.0275808
0.0540402
-0.104332
-0.105409
0.0351778
-0.0202753
-0.162525
-0.0840329
0.0208746
-0.101445
-0.186346
-0.0534036
-0.0171626
-0.170877
-0.174121
-0.0278663
-0.0722257
-0.212001
-0.133411
-0.0185271
-0.130691
-0.214893
-0.0784089
-0.0296249
-0.175872
-0.179059
-0.0255089
-0.0571323
-0.192957
-0.113542
0.0116264
-0.0900148
-0.173558
-0.0343334
0.0259992
-0.113769
-0.118492
0.0401391
0.0190489
-0.115154
-0.0379354
0.0941238
-0.000245327
-0.0866688
0.0511164
0.118745
-0.0186242
-0.0293833
0.129379
0.114077
-0.0231443
0.0467738
0.18047
0.0885063
-0.00567739
0.125404
0.195246
0.0556438
0.0340884
0.188041
0.174052
0.0297364
0.0880962
0.219272
0.126209
0.0210213
0.142019
0.211098
0.0669741
0.0324387
0.179408
0.165208
0.0128622
0.0587134
0.186647
0.0925354
-0.0232192
0.0880837
0.157242
0.0101879
-0.0355877
0.106148
0.0941137
-0.0633152
-0.0270801
0.100646
0.00919937
-0.113111
-0.00766889
0.0656986
-0.0795673
-0.131876
0.00914072
0.00419226
-0.153033
-0.121408
0.0109986
-0.0724706
-0.195972
-0.0914739
-0.00897775
-0.147219
-0.201101
-0.0563314
-0.0496124
-0.201956
-0.170809
-0.0300021
-0.101625
-0.222641
-0.116109
-0.0217667
-0.150176
-0.203309
-0.0531637
-0.0332532
-0.179258
-0.147833
0.00156331
-0.0580088
-0.176617
-0.0689144
0.0360653
-0.083678
-0.137719
0.0154237
0.0460495
-0.0961142
-0.0675437
0.0867982
0.0357371
-0.0841543
0.0203727
0.13143
0.0160078
-0.0435806
0.107393
0.143667
0.000493758
0.0209746
0.174751
0.127046
0.000848854
0.0968031
0.20859
0.0926415
0.0226701
0.166394
0.203607
0.0552324
0.0633432
0.212263
0.164243
0.0284874
0.112501
0.221928
0.103102
0.0206489
0.154981
0.191546
0.0370859
0.0320291
0.175414
0.127141
-0.0175738
0.0550753
0.163048
0.0430354
-0.0499128
0.0769718
0.115352
-0.0420517
-0.0570919
0.0839702
0.0392869
-0.110105
-0.0446939
0.0661058
-0.0501963
-0.148619
-0.0244142
0.0208346
-0.134005
-0.15371
-0.00989356
-0.0455547
-0.194011
-0.130656
-0.0119962
-0.119233
-0.217927
-0.0917506
-0.0350077
-0.182486
-0.202524
-0.0521601
-0.0749388
-0.218674
-0.154275
-0.0250725
-0.120479
-0.21704
-0.0872534
-0.0176174
-0.156336
-0.175921
-0.01892
-0.0287963
-0.167957
-0.103425
0.0349116
-0.0500403
-0.146208
-0.0153241
0.0644556
-0.0682059
-0.0905772
0.0691974
0.0683803
-0.0700761
-0.00989857
0.132727
0.0535959
-0.0469661
0.0796643
0.164208
0.0325166
0.0020019
0.15882
0.161612
0.0186754
0.0689949
0.210326
0.131935
0.0220624
0.139259
0.22364
0.0885879
0.0456393
0.195115
0.19768
0.0469828
0.084117
0.220984
0.140904
0.0197002
0.125393
0.207974
0.0687066
0.0126891
0.154227
0.156634
-0.00108394
0.0236543
0.157052
0.0770546
-0.0532594
0.0430987
0.126444
-0.0137321
-0.0793412
0.0576816
0.0638917
-0.0963236
-0.0795471
0.0548392
-0.0200282
-0.15414
-0.0620702
0.0272299
-0.108161
-0.177739
-0.0399408
-0.0243879
-0.181277
-0.167009
-0.0264703
-0.0907659
-0.223256
-0.130625
-0.0306991
-0.156432
-0.225457
-0.0829952
-0.0542642
-0.203973
-0.188986
-0.0396309
-0.0906628
-0.219074
-0.12421
-0.0123798
-0.127154
-0.194824
-0.0476821
-0.00594949
-0.148729
-0.133973
0.0226091
-0.0167694
-0.142951
-0.0484766
0.0722464
-0.0345078
-0.104175
0.043594
0.0941784
-0.0457528
-0.0358445
0.122867
0.0902019
-0.0387034
0.0498763
0.17382
0.0697372
-0.00740637
0.135078
0.188775
0.0463226
0.0457929
0.200851
0.169577
0.032936
0.110376
0.23242
0.12652
0.0376012
0.170363
0.22318
0.0748765
0.0606417
0.208835
0.176434
0.0301025
0.0944354
0.212921
0.104358
0.00318961
0.125757
0.177774
0.0244756
-0.00244861
0.139999
0.108313
-0.0452764
0.00837175
0.125983
0.0182012
-0.0914558
0.0245799
0.0798823
-0.0736813
-0.108548
0.032815
0.00702365
-0.148249
-0.0999433
0.0221365
-0.0790189
-0.191255
-0.0762227
-0.0119935
-0.159826
-0.196913
-0.0513192
-0.0657104
-0.217065
-0.169044
-0.0377678
-0.127383
-0.237511
-0.119478
-0.0425173
-0.180739
-0.216696
-0.0642048
-0.0645987
-0.209565
-0.160108
-0.0184657
-0.0953719
-0.202596
-0.0815962
0.00772314
-0.121281
-0.157102
0.000545412
0.0122875
-0.128277
-0.0801043
0.0686522
0.00125168
-0.106548
0.0132057
0.110435
-0.0136734
-0.054099
0.103386
0.122013
-0.0192951
0.0219581
0.171893
0.10837
-0.0056178
0.106834
0.205961
0.0811701
0.0304711
0.181853
0.201798
0.0546211
0.0836716
0.229506
0.165201
0.0407089
0.141407
0.238301
0.109428
0.0452572
0.187324
0.205986
0.0510264
0.0660348
0.20612
0.14018
0.0048607
0.09349
0.188265
0.0562539
-0.0201442
0.113887
0.133173
-0.0269483
-0.0232901
0.113879
0.0498666
-0.0922567
-0.0117643
0.0851079
-0.0451348
-0.128707
0.00218282
0.0273964
-0.132086
-0.134131
0.00563846
-0.0504775
-0.193237
-0.115096
-0.0103761
-0.132722
-0.21749
-0.0842523
-0.0475539
-0.200656
-0.203135
-0.0559628
-0.0992579
-0.237832
-0.157907
-0.0415599
-0.152141
-0.234652
-0.0963734
-0.0456994
-0.189975
-0.19112
-0.0354631
-0.0649264
-0.198554
-0.116913
0.0105015
-0.0888876
-0.170188
-0.0287367
0.0337962
-0.103813
-0.106432
0.0542433
0.0351262
-0.0971892
-0.0181777
0.115575
0.0227896
-0.062173
0.0769469
0.14578
0.00947311
-0.000371196
0.159158
0.14447
0.00770399
0.0779159
0.211747
0.119758
0.0253841
0.156115
0.22545
0.0851833
0.062808
0.215794
0.200697
0.0551332
0.112112
0.241785
0.147104
0.0401861
0.159356
0.226519
0.0803989
0.0437951
0.188639
0.172269
0.0177126
0.0613274
0.187014
0.0906541
-0.0273422
0.0817405
0.148715
-0.000480699
-0.048345
0.0913697
0.0773933
-0.0818936
-0.0474222
0.0786482
-0.0143388
-0.138071
-0.033922
0.0382915
-0.107987
-0.161165
-0.0208637
-0.02637
-0.183998
-0.152615
-0.0202887
-0.103674
-0.226934
-0.122034
-0.0389741
-0.176497
-0.229513
-0.0837286
-0.0758505
-0.226901
-0.194335
-0.0519831
-0.121947
-0.241202
-0.132812
-0.0365231
-0.16291
-0.213957
-0.0616702
-0.0395712
-0.183357
-0.149694
0.00195332
-0.0553689
-0.171744
-0.0618339
0.0453199
-0.0722978
-0.124275
0.0308633
0.0634074
-0.0769299
-0.0466343
0.109327
0.0597702
-0.0587443
0.0470276
0.159195
0.0447389
-0.0140351
0.137601
0.174384
0.0315592
0.0522253
0.206028
0.158188
0.0316929
0.127189
0.238363
0.121647
0.0507555
0.193415
0.229427
0.079715
0.0863598
0.233697
0.183986
0.0464327
0.128555
0.236012
0.115143
0.0305807
0.162754
0.197122
0.0404343
0.0331305
0.174265
0.12375
-0.0231932
0.047256
0.153072
0.0309553
-0.064038
0.0608753
0.0973706
-0.061827
-0.0785609
0.0609208
0.0147782
-0.135949
-0.0717404
0.0379997
-0.0792162
-0.178406
-0.0548132
-0.0100161
-0.165149
-0.184989
-0.041144
-0.0766125
-0.224718
-0.160855
-0.0415273
-0.147943
-0.245671
-0.118384
-0.0603903
-0.206487
-0.225022
-0.0730375
-0.094085
-0.235993
-0.169678
-0.0384761
-0.131814
-0.226251
-0.0942922
-0.0224446
-0.158928
-0.176267
-0.017016
-0.0246502
-0.161592
-0.0948765
0.045602
-0.037262
-0.131411
0.00141484
0.0830532
-0.047847
-0.0685652
0.0927507
0.0933551
-0.0438115
0.0175183
0.161157
0.0828932
-0.0169566
0.110231
0.195177
0.0637261
0.0332879
0.190022
0.192571
0.0492296
0.098984
0.239598
0.160339
0.0494478
0.165485
0.248573
0.112099
0.0676032
0.21542
0.216224
0.0636664
0.0988528
0.233698
0.151532
0.0281842
0.131689
0.212052
0.0705451
0.0122756
0.151565
0.15174
-0.00818676
0.0143774
0.145652
0.0635912
-0.0687194
0.0257218
0.107243
-0.0346579
-0.101887
0.0336345
0.0384698
-0.122991
-0.107323
0.0261001
-0.0495801
-0.184355
-0.0927921
-0.00383699
-0.139413
-0.209017
-0.071081
-0.0552271
-0.211657
-0.196775
-0.0554668
-0.118841
-0.250266
-0.156433
-0.0551666
-0.179433
-0.246876
-0.10272
-0.07219
-0.220009
-0.203051
-0.0516504
-0.100573
-0.226826
-0.129764
-0.015705
-0.128233
-0.193654
-0.0442684
-0.000306879
-0.140888
-0.123978
0.0347104
-0.00262339
-0.126836
-0.0304774
0.09204
-0.0130223
-0.0811117
0.0681165
0.120036
-0.0186954
-0.00772983
0.151895
0.119997
-0.00830009
0.08073
0.204968
0.101018
0.0238417
0.166133
0.219479
0.0765153
0.0753155
0.229553
0.197311
0.0595572
0.135745
0.256409
0.149004
0.0584609
0.189492
0.240481
0.0902592
0.074024
0.22015
0.185625
0.0371188
0.0992398
0.215492
0.104682
0.00126216
0.121588
0.171389
0.015906
-0.0131612
0.1272
0.0934977
-0.062035
-0.0102446
0.105608
-0.00382619
-0.115025
-0.00040852
0.0536069
-0.101109
-0.136989
0.00351035
-0.0229911
-0.178821
-0.130916
-0.00907359
-0.110304
-0.222457
-0.107179
-0.0425417
-0.189809
-0.226178
-0.079713
-0.0930839
-0.243279
-0.193964
-0.0612629
-0.14933
-0.257801
-0.138004
-0.0591809
-0.195455
-0.229392
-0.0748118
-0.0730601
-0.21584
-0.164165
-0.020281
-0.0949354
-0.199913
-0.0766807
0.0148489
-0.111983
-0.145683
0.0140292
0.0277681
-0.110882
-0.0608869
0.0895954
0.0238134
-0.0824879
0.0386401
0.137115
0.0141132
-0.0253523
0.132945
0.152235
0.0114305
0.0530266
0.203146
0.139648
0.0255191
0.137669
0.236337
0.11093
0.059458
0.209918
0.228799
0.0804154
0.108124
0.252493
0.186604
0.0604154
0.159315
0.254319
0.123474
0.0572549
0.197213
0.213717
0.0565585
0.0693368
0.207178
0.138989
0.00142386
0.0878249
0.180404
0.0462375
-0.0322672
0.0997212
0.117041
-0.0449661
-0.043102
0.0923782
0.0267892
-0.116794
-0.0376352
0.0580405
-0.073259
-0.157745
-0.0276185
-0.00301088
-0.162943
-0.165282
-0.0256417
-0.0817236
-0.22429
-0.145796
-0.0405618
-0.162237
-0.246184
-0.111977
-0.0741621
-0.226012
-0.22711
-0.0784303
-0.1201
-0.256943
-0.175191
-0.0569222
-0.165503
-0.245947
-0.105543
-0.0526928
-0.194758
-0.19367
-0.0357643
-0.0629757
-0.194364
-0.110507
0.0190936
-0.0781536
-0.157371
-0.0139019
0.0505747
-0.0851792
-0.0860411
0.076287
0.058711
-0.0721882
0.00810903
0.143015
0.0512401
-0.0328617
0.106968
0.176358
0.0404489
0.0308393
0.190444
0.175671
0.0386566
0.108458
0.241725
0.149016
0.0537674
0.183478
0.251653
0.11009
0.0862872
0.237726
0.22097
0.0736403
0.128756
0.256483
0.159779
0.050771
0.167795
0.232773
0.0844336
0.045587
0.18818
0.169564
0.0127744
0.054179
0.177696
0.0792142
-0.0408472
0.0662403
0.131303
-0.0197156
-0.0693059
0.0687929
0.0533199
-0.107342
-0.0741146
0.0508522
-0.0430936
-0.167639
-0.06415
0.00756295
-0.139058
-0.19242
-0.0521404
-0.0575036
-0.214829
-0.182988
-0.0500411
-0.132652
-0.25499
-0.149023
-0.0647546
-0.200936
-0.252487
-0.105116
-0.0955385
-0.244791
-0.210334
-0.066008
-0.133923
-0.25107
-0.140523
-0.042032
-0.16619
-0.214993
-0.0604565
-0.0361111
-0.17767
-0.141812
0.0119916
-0.0432245
-0.157559
-0.0456827
0.0633571
-0.0524684
-0.102759
0.0539559
0.0879597
-0.0510469
-0.0195568
0.137462
0.0888177
-0.0289372
0.0774396
0.190058
0.075892
0.0172443
0.168846
0.205436
0.0622549
0.082404
0.235536
0.186875
0.059406
0.153784
0.263707
0.145608
0.0732063
0.21424
0.248522
0.0969793
0.101702
0.247039
0.195261
0.05558
0.135526
0.240774
0.11767
0.0308584
0.160781
0.192912
0.0340063
0.0245159
0.163511
0.110913
-0.0380485
0.0304579
0.134421
0.0105483
-0.0860987
0.0372758
0.0723575
-0.088126
-0.106012
0.0324616
-0.0145399
-0.165977
-0.102324
0.00702187
-0.110428
-0.209693
-0.0860129
-0.0409643
-0.195687
-0.214961
-0.0703932
-0.104985
-0.252071
-0.187047
-0.0664197
-0.171407
-0.267588
-0.138641
-0.0788782
-0.223112
-0.239701
-0.0856922
-0.104648
-0.244412
-0.175911
-0.0424878
-0.133583
-0.225771
-0.0915662
-0.0174832
-0.151758
-0.166928
-0.00555501
-0.011124
-0.146073
-0.0774468
0.0648555
-0.0162839
-0.10882
0.0255022
0.108515
-0.0211429
-0.0407602
0.121515
0.122931
-0.0135785
0.0482502
0.192232
0.11415
0.0143184
0.141362
0.226006
0.0940928
0.0630322
0.218992
0.220619
0.0762075
0.124751
0.264023
0.183298
0.0708176
0.185155
0.266446
0.128079
0.0816069
0.227376
0.226072
0.0713546
0.104339
0.236957
0.152547
0.0269471
0.128206
0.206345
0.0626422
0.00221502
0.139401
0.137536
-0.0243575
-0.00367901
0.125806
0.0420598
-0.0918281
0.00115524
0.0813489
-0.0617465
-0.130032
0.00457881
0.0086571
-0.153408
-0.138191
-0.00505427
-0.0808592
-0.2156
-0.123842
-0.0345272
-0.169586
-0.238518
-0.0997583
-0.0829286
-0.238242
-0.222107
-0.0794127
-0.141275
-0.271076
-0.175511
-0.0724111
-0.194755
-0.260199
-0.113975
-0.0813147
-0.226958
-0.207792
-0.0541553
-0.100827
-0.224832
-0.125532
-0.009254
-0.119596
-0.18288
-0.0314114
0.0145693
-0.124072
-0.10531
0.055135
0.019454
-0.103223
-0.00545153
0.118352
0.0144401
-0.0526444
0.0974423
0.150072
0.0118926
0.02325
0.183109
0.151284
0.0228971
0.111674
0.235502
0.130984
0.0530818
0.194497
0.246822
0.102695
0.100193
0.253003
0.219214
0.0797958
0.154214
0.273016
0.163664
0.0710939
0.200034
0.24888
0.0964701
0.0780124
0.221897
