-0.00583858
0.146899
0.131886
-0.0132247
0.0445664
0.175375
0.0821646
-0.0229235
0.0983996
0.168009
0.024649
-0.00888204
0.139297
0.126506
-0.0242076
0.0234861
0.153434
0.0615142
-0.0518561
0.0619903
0.13382
-0.0104216
-0.0532444
0.0915387
0.082628
-0.0715854
-0.0320644
0.0989711
0.0108551
-0.108095
0.000698231
0.0773709
-0.064627
-0.113708
0.0304475
0.0285286
-0.125761
-0.0913138
0.0437548
-0.0372135
-0.158362
-0.0516923
0.0327609
-0.103723
-0.156044
-0.00994745
-0.00215045
-0.15364
-0.121871
0.0192907
-0.052237
-0.173391
-0.0672497
0.0264279
-0.102894
-0.157167
-0.00841472
0.00984839
-0.138019
-0.108665
0.0384302
-0.0236517
-0.144938
-0.0400877
0.0618572
-0.0610651
-0.118396
0.0313319
0.0584276
-0.0873329
-0.0624075
0.0882281
0.0334268
-0.0901903
0.0106281
0.117989
-0.00107603
-0.0642156
0.0832888
0.116183
-0.0302309
-0.012833
0.138003
0.0875236
-0.0412373
0.0523623
0.161992
0.0441167
-0.0275195
0.114783
0.150816
0.00153901
0.00903512
0.157601
0.109496
-0.0260451
0.0584702
0.168659
0.0508723
-0.0302474
0.10568
0.144081
-0.00827884
-0.010977
0.134982
0.0894914
-0.0522166
0.0236366
0.134968
0.0184736
-0.0707946
0.0598878
0.102151
-0.0512751
-0.0622565
0.0828929
0.0423077
-0.102966
-0.0334482
0.0813967
-0.030923
-0.125425
0.00259343
0.0515132
-0.0997877
-0.116099
0.0309178
-0.00175261
-0.147413
-0.081482
0.0394909
-0.0656901
-0.162574
-0.034869
0.0230965
-0.123443
-0.142826
0.00787533
-0.0148869
-0.158897
-0.0950724
0.0332293
-0.0633851
-0.161431
-0.0334242
0.0341279
-0.106941
-0.129121
0.0250203
0.0120329
-0.130443
-0.0694239
0.065191
-0.0236562
-0.123849
0.00287664
0.0783681
-0.0586623
-0.0854504
0.0698515
0.064526
-0.0784197
-0.0226957
0.115505
0.0320166
-0.0727881
0.0497153
0.13025
-0.00528567
-0.0394455
0.113914
0.113451
-0.0324896
0.0150884
0.153926
0.0733158
-0.0384626
0.0771328
0.160205
0.0241707
-0.0194132
0.129748
0.132318
-0.0180239
0.0198135
0.157698
0.0789578
-0.0405622
0.0671311
0.151999
0.0153189
-0.0378077
0.106881
0.112676
-0.0413996
-0.0127866
0.124669
0.0489028
-0.0769995
0.02391
0.111901
-0.0235347
-0.0843158
0.0575683
0.0686402
-0.0867059
-0.0650792
0.0740822
0.0038996
-0.125613
-0.0290728
0.0645233
-0.0667453
-0.132379
0.00913601
0.0281484
-0.125525
-0.108303
0.0348799
-0.0270859
-0.157545
-0.063211
0.038057
-0.0866803
-0.155044
-0.012289
0.0163551
-0.133791
-0.119588
0.0286055
-0.0239517
-0.154217
-0.0615411
0.0477501
-0.0698788
-0.140687
0.00302001
0.0410277
-0.105718
-0.0951478
0.0570189
0.0130228
-0.117925
-0.0283567
0.08732
-0.0245741
-0.0994283
0.0431056
0.0884214
-0.0567546
-0.0520362
0.101535
0.0638126
-0.0700126
0.0137979
0.133122
0.0246126
-0.056719
0.081812
0.131796
-0.0140763
-0.0177111
0.134543
0.100784
-0.0379771
0.0377068
0.158342
0.051408
-0.0381417
0.0943724
0.14731
-0.000470979
-0.0137783
0.135713
0.104977
-0.0392994
0.0274596
0.148703
0.0432332
-0.0544968
0.071812
0.12784
-0.0211701
-0.0435405
0.103672
0.0769388
-0.0715036
-0.0125492
0.110472
0.00819312
-0.0958715
0.0257937
0.0867163
-0.0612366
-0.0905214
0.0563343
0.0359175
-0.114095
-0.06068
0.0663034
-0.0301643
-0.137929
-0.0186868
0.0494488
-0.0947742
-0.128555
0.0199894
0.00817725
-0.140954
-0.0910824
0.0416292
-0.0469589
-0.156449
-0.0381934
0.038553
-0.100293
-0.137272
0.0137754
0.0115173
-0.135693
-0.0888559
0.0497747
-0.0305085
-0.141431
-0.0244559
0.0605135
-0.0731186
-0.113809
0.0387216
0.0451199
-0.100957
-0.0584408
0.0845126
0.0112045
-0.10255
0.0112118
0.102422
-0.0276774
-0.0740192
0.0776245
0.0905092
-0.0563802
-0.0205214
0.124203
0.0556936
-0.063005
0.0450201
0.140003
0.0114005
-0.0427432
0.105551
0.122774
-0.0267126
0.000452873
0.144806
0.0794424
-0.04565
0.0548922
0.152052
0.0238923
-0.039104
0.104565
0.12524
-0.0272717
-0.00939318
0.13394
0.0716183
-0.0597014
0.0332738
0.132694
0.00562982
-0.0655284
0.0739819
0.0989488
-0.0552881
-0.0455692
0.0977744
0.0400255
-0.095747
-0.0088644
0.0943792
-0.0295212
-0.106793
0.0302928
0.0615568
-0.0920218
-0.0883391
0.0569229
0.00603968
-0.131744
-0.0489244
0.0601258
-0.0582397
-0.139379
-0.00290976
0.0365919
-0.11412
-0.114631
0.0340437
-0.00821816
-0.146204
-0.0661554
0.0498256
-0.0615925
-0.145386
-0.00885838
0.0395923
-0.10734
-0.111556
0.0405992
0.00722186
-0.130681
-0.0536686
0.0687604
-0.035927
-0.12279
0.0128363
0.0692965
-0.0745733
-0.0836011
0.0705164
0.0447289
-0.0943049
-0.0220357
0.104958
0.00544719
-0.0861468
0.0464445
0.108869
-0.0336634
-0.0495101
0.10424
0.0840267
-0.0579502
0.00738339
0.136666
0.0405001
-0.057634
0.0697511
0.136155
-0.00658305
-0.0309469
0.120513
0.104362
-0.0417471
0.0151915
0.145303
0.0515511
-0.053923
0.0671749
0.136724
-0.0065362
-0.0398085
0.108791
0.096581
-0.0533995
-0.00482314
0.126157
0.0354109
-0.0766535
0.0386272
0.112015
-0.0305562
-0.0716075
0.0750439
0.0680893
-0.0840954
-0.0424824
0.0907017
0.00477798
-0.111951
-0.000917574
0.0780071
-0.0617428
-0.108594
0.0377672
0.0380182
-0.114153
-0.0776492
0.0594081
-0.0196515
-0.138986
-0.0306012
0.0554602
-0.0795336
-0.130493
0.0168354
0.0257277
-0.124813
-0.0922465
0.0495625
-0.0214736
-0.142298
-0.0359886
0.0576986
-0.071776
-0.126366
0.0219116
0.0395456
-0.109107
-0.0806895
0.0653274
0.00202895
-0.12061
-0.0172382
0.0831128
-0.0415138
-0.100654
0.0471758
0.0722931
-0.0755194
-0.0527094
