-0.00583858
0.146899
0.131886
-0.0132247
0.0445664
0.175375
0.0821646
-0.0229235
0.0983996
0.168009
0.024649
-0.00888204
0.139297
0.126506
-0.0242076
0.0234861
0.153434
0.0615142
-0.0518561
0.0619903
0.13382
-0.0104216
-0.0532444
0.0915387
0.082628
-0.0715854
-0.0320644
0.0989711
0.0108551
-0.108095
0.000698231
0.0773709
-0.064627
-0.113708
0.0304475
0.0285286
-0.125761
-0.0913138
0.0437548
-0.0372135
-0.158362
-0.0516923
0.0327609
-0.103723
-0.156044
-0.00994745
-0.00215045
-0.15364
-0.121871
0.0192907
-0.052237
-0.173391
-0.0672497
0.0264279
-0.102894
-0.157167
-0.00841472
0.00984839
-0.138019
-0.108665
0.0384302
-0.0236517
-0.144938
-0.0400877
0.0618572
-0.0610651
-0.118396
0.0313319
0.0584276
-0.0873329
-0.0624075
0.0882281
0.0334268
-0.0901903
0.0106281
0.117989
-0.00107603
-0.0642156
0.0832888
0.116183
-0.0302309
-0.012833
0.138003
0.0875236
-0.0412373
0.0523623
0.161992
0.0441167
-0.0275195
0.114783
0.150816
0.00153901
0.00903512
0.157601
0.109496
-0.0260451
0.0584702
0.168659
0.0508723
-0.0302474
0.10568
0.144081
-0.00827884
-0.010977
0.134982
0.0894914
-0.0522166
0.0236366
0.134968
0.0184736
-0.0707946
0.0598878
0.102151
-0.0512751
-0.0622565
0.0828929
0.0423077
-0.102966
-0.0334482
0.0813967
-0.030923
-0.125425
0.00259343
0.0515132
-0.0997877
-0.116099
0.0309178
-0.00175261
-0.147413
-0.081482
0.0394909
-0.0656901
-0.162574
-0.034869
0.0230965
-0.123443
-0.142826
0.00787533
-0.0148869
-0.158897
-0.0950724
0.0332293
-0.0633851
-0.161431
-0.0334242
0.0341279
-0.106941
-0.129121
0.0250203
0.0120329
-0.130443
-0.0694239
0.065191
-0.0236562
-0.123849
0.00287664
0.0783681
-0.0586623
-0.0854504
0.0698515
0.064526
-0.0784197
-0.0226957
0.115505
0.0320166
-0.0727881
0.0497153
0.13025
-0.00528567
-0.0394455
0.113914
0.113451
-0.0324896
0.0150884
0.153926
0.0733158
-0.0384626
0.0771328
0.160205
0.0241707
-0.0194132
0.129748
0.132318
-0.0180239
0.0198135
0.157698
0.0789578
-0.0405622
0.0671311
0.151999
0.0153189
-0.0378077
0.106881
0.112676
-0.0413996
-0.0127866
0.124669
0.0489028
-0.0769995
0.02391
0.111901
-0.0235347
-0.0843158
0.0575683
0.0686402
-0.0867059
-0.0650792
0.0740822
0.0038996
-0.125613
-0.0290728
0.0645233
-0.0667453
-0.132379
0.00913601
0.0281484
-0.125525
-0.108303
0.0348799
-0.0270859
-0.157545
-0.063211
0.038057
-0.0866803
-0.155044
-0.012289
0.0163551
-0.133791
-0.119588
0.0286055
-0.0239517
-0.154217
-0.0615411
0.0477501
-0.0698788
-0.140687
0.00302001
0.0410277
-0.105718
-0.0951478
0.0570189
0.0130228
-0.117925
-0.0283567
0.08732
-0.0245741
-0.0994283
0.0431056
0.0884214
-0.0567546
-0.0520362
0.101535
0.0638126
-0.0700126
0.0137979
0.133122
0.0246126
-0.056719
0.081812
0.131796
-0.0140763
-0.0177111
0.134543
0.100784
-0.0379771
0.0377068
0.158342
0.051408
-0.0381417
0.0943724
0.14731
-0.000470979
-0.0137783
0.135713
0.104977
-0.0392994
0.0274596
0.148703
0.0432332
-0.0544968
0.071812
0.12784
-0.0211701
-0.0435405
0.103672
0.0769388
-0.0715036
-0.0125492
0.110472
0.00819312
-0.0958715
0.0257937
0.0867163
-0.0612366
-0.0905214
0.0563343
0.0359175
-0.114095
-0.06068
0.0663034
-0.0301643
-0.137929
-0.0186868
0.0494488
-0.0947742
-0.128555
0.0199894
0.00817725
-0.140954
-0.0910824
0.0416292
-0.0469589
-0.156449
-0.0381934
0.038553
-0.100293
-0.137272
0.0137754
0.0115173
-0.135693
-0.0888559
0.0497747
-0.0305085
-0.141431
-0.0244559
0.0605135
-0.0731186
-0.113809
0.0387216
0.0451199
-0.100957
-0.0584408
0.0845126
0.0112045
-0.10255
0.0112118
0.102422
-0.0276774
-0.0740192
0.0776245
0.0905092
-0.0563802
-0.0205214
0.124203
0.0556936
-0.063005
0.0450201
0.140003
0.0114005
-0.0427432
0.105551
0.122774
-0.0267126
0.000452873
0.144806
0.0794424
-0.04565
0.0548922
0.152052
0.0238923
-0.039104
0.104565
0.12524
-0.0272717
-0.00939318
0.13394
0.0716183
-0.0597014
0.0332738
0.132694
0.00562982
-0.0655284
0.0739819
0.0989488
-0.0552881
-0.0455692
0.0977744
0.0400255
-0.095747
-0.0088644
0.0943792
-0.0295212
-0.106793
0.0302928
0.0615568
-0.0920218
-0.0883391
0.0569229
0.00603968
-0.131744
-0.0489244
0.0601258
-0.0582397
-0.139379
-0.00290976
0.0365919
-0.11412
-0.114631
0.0340437
-0.00821816
-0.146204
-0.0661554
0.0498256
-0.0615925
-0.145386
-0.00885838
0.0395923
-0.10734
-0.111556
0.0405992
0.00722186
-0.130681
-0.0536686
0.0687604
-0.035927
-0.12279
0.0128363
0.0692965
-0.0745733
-0.0836011
0.0705164
0.0447289
-0.0943049
-0.0220357
0.104958
0.00544719
-0.0861468
0.0464445
0.108869
-0.0336634
-0.0495101
0.10424
0.0840267
-0.0579502
0.00738339
0.136666
0.0405001
-0.057634
0.0697511
0.136155
-0.00658305
-0.0309469
0.120513
0.104362
-0.0417471
0.0151915
0.145303
0.0515511
-0.053923
0.0671749
0.136724
-0.0065362
-0.0398085
0.108791
0.096581
-0.0533995
-0.00482314
0.126157
0.0354109
-0.0766535
0.0386272
0.112015
-0.0305562
-0.0716075
0.0750439
0.0680893
-0.0840954
-0.0424824
0.0907017
0.00477798
-0.111951
-0.000917574
0.0780071
-0.0617428
-0.108594
0.0377672
0.0380182
-0.114153
-0.0776492
0.0594081
-0.0196515
-0.138986
-0.0306012
0.0554602
-0.0795336
-0.130493
0.0168354
0.0257277
-0.124813
-0.0922465
0.0495625
-0.0214736
-0.142298
-0.0359886
0.0576986
-0.071776
-0.126366
0.0219116
0.0395456
-0.109107
-0.0806895
0.0653274
0.00202895
-0.12061
-0.0172382
0.0831128
-0.0415138
-0.100654
0.0471758
0.0722931
-0.0755194
-0.0527094
0.0957633
0.0387615
-0.0870867
0.011484
0.116596
-0.00471129
-0.0700772
0.0752323
0.105976
-0.0425374
-0.0271775
0.121698
0.0693423
-0.0612029
0.030715
0.138778
0.0194563
-0.053502
0.0876139
0.122604
-0.0275722
-0.0208267
0.127145
0.0786056
-0.0572127
0.0271856
0.137422
0.0198451
-0.0609076
0.0755462
0.114633
-0.0368911
-0.0386076
0.108479
0.0642537
-0.0760607
0.00130869
0.114275
-0.000477758
-0.0879091
0.0446995
0.0889703
-0.0623814
-0.0712336
0.0760939
0.0377237
-0.105314
-0.0335491
0.0835464
-0.0265335
-0.118821
0.0113772
0.0624349
-0.0867861
-0.101087
0.0478641
0.0170425
-0.126869
-0.0592967
0.0632058
-0.040568
-0.136178
-0.00733474
0.0516293
-0.0940611
-0.112748
0.0384939
0.0161166
-0.127672
-0.0637881
0.0644137
-0.0324615
-0.130931
-0.00350593
0.063313
-0.0786409
-0.101856
0.0511118
0.0368178
-0.107096
-0.047636
0.0853096
-0.00531053
-0.107374
0.0173954
0.0908589
-0.0482653
-0.0772036
0.0759071
0.0683614
-0.0768268
-0.0233551
0.1126
0.0268809
-0.0801305
0.0402042
0.118622
-0.0189703
-0.0551193
0.0963343
0.0940578
-0.0535978
-0.00762728
0.129723
0.0477521
-0.0652581
0.0492442
0.131371
-0.00546105
-0.0496919
0.0989804
0.101223
-0.0492864
-0.0114574
0.126583
0.0481614
-0.0708841
0.0374405
0.123096
-0.0126468
-0.0646948
0.0812132
0.0883629
-0.0642344
-0.0340269
0.105135
0.031179
-0.0928252
0.0100639
0.100109
-0.0332115
-0.0918306
0.0522557
0.06556
-0.08754
-0.0636648
0.0777403
0.00978393
-0.117536
-0.0188454
0.0768514
-0.0523808
-0.116055
0.0273356
0.0481323
-0.103863
-0.0850756
0.0595547
-0.00109026
-0.130366
-0.0349898
0.0671775
-0.0568116
-0.124585
0.0186046
0.0475258
-0.102506
-0.088354
0.0596305
0.00670493
-0.12409
-0.0321009
0.0763545
-0.0422584
-0.114197
0.0282446
0.0648585
-0.0834059
-0.0744725
0.0759531
0.0301195
-0.102757
-0.015197
0.0984066
-0.015618
-0.0926523
0.0476675
0.0907484
-0.0566763
-0.0542093
0.0971244
0.0571884
-0.0788187
0.00285463
0.120101
0.00958177
-0.0736852
0.062999
0.111237
-0.0362776
-0.0414417
0.109408
0.0743768
-0.0655228
0.00916409
0.128953
0.0213251
-0.068766
0.0633658
0.116085
-0.0317553
-0.0449621
0.104793
0.0744835
-0.0692119
-0.0017182
0.120414
0.0159796
-0.0805771
0.0470406
0.104508
-0.0429422
-0.0636432
0.0853445
0.0604841
-0.0860034
-0.0250204
0.100097
-3.15443e-05
-0.101906
0.0219802
0.085147
-0.060555
-0.0875949
0.0614924
0.0432827
-0.104564
-0.0490327
0.080009
-0.0144707
-0.120332
0.000723507
0.0705746
-0.0720433
-0.10434
0.0455663
0.0349853
-0.113056
-0.0622403
0.071269
-0.016674
-0.125679
-0.00709707
0.0698177
-0.0690231
-0.106161
0.0445682
0.0418349
-0.106011
-0.0599628
0.0777313
-0.00363218
-0.115777
-0.000157288
0.0833342
-0.0518946
-0.0942947
0.0564273
0.0609275
-0.0871312
-0.0466708
0.0941691
0.0186985
-0.0972609
0.0142694
0.103235
-0.0291139
-0.0777007
0.0717186
0.0824119
-0.0666292
-0.032871
0.10982
0.0393518
-0.0812237
0.0250185
0.118325
-0.0118419
-0.0674329
0.0795431
0.0955852
-0.0549439
-0.0286768
0.114932
0.0489788
-0.0765481
0.0237191
0.120769
-0.00734053
-0.0701274
0.0739131
0.0951207
-0.0567047
-0.0379896
0.106331
0.0451405
-0.0849138
0.00945686
0.110399
-0.0150286
-0.0844462
0.0569039
0.0838016
-0.068428
-0.0566361
0.0888404
0.033272
-0.100288
-0.0111698
0.0943243
-0.0273255
-0.102362
0.0369389
0.0703855
-0.081058
-0.0752992
0.0719739
0.0230255
-0.112914
-0.0283488
0.0823439
-0.0344942
-0.114232
0.0235093
0.0641493
-0.0855684
-0.085236
0.0641333
0.0224117
-0.115196
-0.0349292
0.0811108
-0.0304101
-0.114471
0.0216302
0.0694995
-0.0781703
-0.0832771
0.0678424
0.0332908
-0.105924
-0.0303528
0.0905176
-0.015841
-0.104482
0.0292719
0.0837778
-0.0621227
-0.0732483
0.0787201
0.050743
-0.0905143
-0.0204894
0.104255
0.00249908
-0.091328
0.0390575
0.0993176
-0.0453315
-0.063237
0.0885277
0.066412
-0.0773788
-0.0137597
0.113921
0.0162709
-0.0832249
0.0429313
0.108249
-0.0354339
-0.0605951
0.0902232
0.0735887
-0.0728466
-0.0160748
0.114034
0.020443
-0.084713
0.0368626
0.107049
-0.0354208
-0.0677563
0.0819267
0.070941
-0.0776848
-0.0276296
0.104951
0.0159145
-0.0943419
0.0228385
0.0982109
-0.0423056
-0.081244
0.067572
0.0628228
-0.0871315
-0.0432741
0.0921614
0.00848233
-0.106025
0.0072009
0.0882785
-0.0493727
-0.0941918
0.0541283
0.0562562
-0.0941354
-0.0559563
0.0826663
0.00505263
-0.112966
-0.00340178
0.0837024
-0.0503957
-0.100613
0.0473044
0.0566305
-0.0936385
-0.0609635
0.0807948
0.00954762
-0.111652
-0.00587567
0.0871253
-0.0431885
-0.098768
0.0483777
0.064746
-0.0853049
-0.058411
0.0859699
0.0209298
-0.103551
-0.00211102
0.0962337
-0.0304675
-0.0917422
0.0539076
0.0768131
-0.0732367
-0.0526778
0.0935462
0.0343086
-0.0937555
0.00263335
0.105612
-0.0177712
-0.085149
0.0582278
0.0871296
-0.0631302
-0.0494124
0.0979383
0.0441831
-0.0876349
0.00314637
0.110219
-0.00994644
-0.0835989
0.0569795
0.0915934
-0.0588001
-0.0521128
0.0959652
0.0476949
-0.0876972
-0.00271579
0.108262
-0.0084234
-0.0881411
0.0494895
0.089891
-0.0601924
-0.0603499
0.0884105
0.0459649
-0.0924782
-0.0131536
0.101846
-0.0108091
-0.0960925
0.0387072
0.085203
-0.0639058
-0.0705096
0.0790648
0.0429279
-0.097906
-0.023977
0.0952362
-0.0127862
-0.103091
0.0290102
0.0818821
-0.0656268
-0.0783276
0.0721078
0.0426472
-0.100039
-0.0313806
0.0920663
-0.0109122
-0.105884
0.0234422
0.0827325
-0.0627941
-0.0814819
0.0696002
0.0469037
-0.0973656
-0.0341213
0.0932908
-0.00452316
-0.104079
0.0221211
0.0875854
-0.0558498
-0.0806669
0.0705912
0.0544889
-0.091327
-0.0338526
0.0970393
0.00430537
-0.0999252
0.0226396
0.0938741
-0.0474959
-0.0786868
0.072181
0.0624139
-0.0849675
-0.0336484
0.10021
0.0124597
-0.0965118
0.0219478
0.0985881
-0.0406792
-0.0783936
0.0716169
0.0680274
-0.0808089
-0.0358799
0.100578
0.0178662
-0.0957332
0.0183376
0.100195
-0.0367443
-0.0809241
0.0679624
0.0705825
-0.0793939
-0.0408775
0.0980056
0.0205751
-0.0973394
0.0122529
0.09931
-0.0349096
-0.0853217
0.0623304
0.0713244
-0.0793427
-0.0471286
0.0941109
0.0222897
-0.0995363
0.00556553
0.0978496
-0.0332206
-0.0895925
0.0567309
0.0722517
-0.0786686
-0.0526615
0.0908213
0.024876
-0.100514
1.82906e-05
0.0974621
-0.0301301
-0.0922825
0.0525082
0.0745774
-0.0762838
-0.0565081
0.0889658
0.0290136
-0.0997282
-0.003977
0.0984079
-0.0255255
-0.093408
0.049512
0.0780064
-0.0726117
-0.0592028
0.0878902
0.0339284
-0.0980468
-0.00737304
0.0996421
-0.0205318
-0.0941469
0.0465154
0.0812584
-0.0689638
-0.062065
0.0862642
0.0382824
-0.0967877
-0.0114525
0.0999098
-0.0163639
-0.0956466
0.0424413
0.0833202
-0.0662699
-0.0659209
0.0833577
0.0414396
-0.096471
-0.0166107
0.0989263
-0.0131924
-0.0979442
0.0373814
0.0843962
-0.0642041
-0.0703119
0.0797458
0.0440778
-0.0963045
-0.0219422
0.0976866
-0.00994019
-0.0998711
0.0325825
0.0857856
-0.0614152
-0.0738317
0.0768655
0.047644
-0.0948269
-0.0259774
0.097639
-0.00519259
-0.10004
0.0293877
0.0887599
-0.0567057
-0.0753534
0.0757503
0.0530576
-0.0912265
-0.0280142
0.0993507
0.00147439
-0.0981594
0.0279493
0.0933104
-0.0502408
-0.075186
0.0759338
0.059684
-0.0862898
-0.0289825
0.101735
0.00881911
-0.0956017
0.026766
0.0977979
-0.0437811
-0.0751878
0.0754591
0.0654666
-0.0821463
-0.0310642
0.102553
0.0145575
-0.094665
0.0235389
0.0999203
-0.0396107
-0.0775938
0.0721443
0.0682794
-0.0808368
-0.0361919
0.0999794
0.0169787
-0.0969135
0.0168621
0.0984242
-0.0388131
-0.0832922
0.0652955
0.067618
-0.0826555
-0.0444346
0.0941568
0.0164389
-0.101759
0.00755551
0.0943431
-0.040138
-0.0908031
0.0566072
0.0653722
-0.0855112
-0.0534995
0.0875544
0.0155656
-0.106411
-0.00143893
0.0907373
-0.0404183
-0.0968529
0.0494334
0.0649439
-0.0859602
-0.0599096
0.0836466
0.0178047
-0.107453
-0.00675713
0.0908822
-0.0364834
-0.0983787
0.0467008
0.0690909
-0.0814194
-0.0612634
0.0846211
0.0251085
-0.103167
-0.00692455
0.0959778
-0.0274153
-0.0947374
0.0487627
0.0778552
-0.0721508
-0.0581182
0.0896093
0.0362894
-0.0950406
-0.00372055
0.10394
-0.0155929
-0.0885762
0.052707
0.0880574
-0.0615756
-0.0541093
0.094764
0.0472996
-0.0872847
-0.00149738
0.110281
-0.00561509
-0.0845637
0.0538139
0.0949363
-0.0544601
-0.0539696
0.0953984
0.0535153
-0.0844172
-0.0046362
0.110765
-0.00154868
-0.0865548
0.0484582
0.095103
-0.0539254
-0.0605188
0.0889988
0.0527376
-0.0882908
-0.0146245
0.104262
-0.00415096
-0.0949105
0.0366767
0.0889801
-0.0591513
-0.0725256
0.0771925
0.0469748
-0.0965061
-0.0286751
0.0939206
-0.00992977
-0.10579
0.022637
0.081027
-0.065399
-0.0849801
0.0652236
0.0416694
-0.103434
-0.0409948
0.0856506
-0.0128886
-0.113126
0.0124448
0.0773369
-0.0666119
-0.0918809
0.0589934
0.0425787
-0.103479
-0.0461722
0.0846303
-0.00811467
-0.11228
0.0104297
0.0818896
-0.0591773
-0.0899899
0.061333
0.0520959
-0.0946862
-0.0427009
0.0918903
0.00493354
-0.10319
0.0161695
0.0937584
-0.0445195
-0.0812106
0.0698541
0.0673443
-0.0803965
-0.0343621
0.103207
0.0216056
-0.090895
0.0242588
0.107179
-0.0287274
-0.0719118
0.0779293
0.0814574
-0.0676666
-0.0283588
0.111253
0.0344809
-0.0828517
0.0272435
0.114723
-0.0191615
-0.0693292
0.0784768
0.0875331
-0.0631679
-0.0310845
0.10993
0.0377902
-0.0844515
0.0201413
0.111827
-0.0199295
-0.0770756
0.0683929
0.0829827
-0.0689429
-0.0440105
0.0983369
0.0312007
-0.0954327
0.003813
0.0999356
-0.0290075
-0.0925346
0.0508682
0.0715452
-0.080708
-0.062316
0.0817937
0.0205039
-0.109544
-0.0150575
0.0861137
-0.0389772
-0.107956
0.0339398
0.0614885
-0.0899935
-0.0773611
0.0690513
0.0145088
-0.117946
-0.0276452
0.0791091
-0.0412133
-0.114864
0.0258784
0.0608202
-0.0890878
-0.0817607
0.067113
0.0197894
-0.114515
-0.0283071
0.0840323
-0.0311661
-0.109282
0.0300602
0.0722769
-0.0759018
-0.0740756
0.0767417
0.0364152
-0.0998622
-0.0183346
0.0988977
-0.0115091
-0.0945438
0.0424974
0.091218
-0.0556988
-0.0601555
0.0915147
0.057411
-0.0814674
-0.00566912
0.115322
0.0089734
-0.079773
0.0537663
0.107951
-0.0383809
-0.0500485
0.101276
0.0725553
-0.0695481
-0.000466308
0.123247
0.0203744
-0.0746564
0.054449
0.113361
-0.0327029
-0.0520868
0.0981492
0.074461
-0.0709454
-0.00897615
0.117034
0.0176953
-0.0835033
0.0409481
0.104569
-0.0407981
-0.067628
0.0815518
0.0633166
-0.0846805
-0.029423
0.0992319
0.00425037
-0.102231
0.0180958
0.0871185
-0.0564293
-0.0897546
0.0590379
0.0472658
-0.102045
-0.052568
0.0795491
-0.00983524
-0.120328
-0.00326698
0.0721087
-0.0682872
-0.10699
0.0421814
0.0379077
-0.111459
-0.0669041
0.0693432
-0.0134163
-0.126905
-0.0125619
0.0697312
-0.0666166
-0.110053
0.0397298
0.0433944
-0.105399
-0.065567
0.0747624
-0.00110061
-0.117339
-0.00596621
0.0829683
-0.0492901
-0.0976696
0.0520807
0.0632284
-0.0852454
-0.0508093
0.0926739
0.0231052
-0.0964758
0.010855
0.105344
-0.0235611
-0.0778206
0.0705557
0.0880604
-0.0609599
-0.0331464
0.112044
0.0476987
-0.0762133
0.0256715
0.124338
-0.00217115
-0.0633882
0.0821897
0.104895
-0.0454888
-0.0253972
0.120234
0.0602791
-0.0686304
0.0267916
0.128691
0.00411555
-0.0645657
0.0774075
0.104814
-0.0470336
-0.0349884
0.110618
0.055054
-0.078636
0.0102219
0.115333
-0.0068258
-0.0825
0.0560438
0.0886219
-0.0638051
-0.0591401
0.0869425
0.0367123
-0.100601
-0.0174899
0.0916825
-0.0267386
-0.108118
0.0279385
0.0668639
-0.0845962
-0.0860248
0.0615828
0.0181079
-0.121242
-0.0426929
0.0716706
-0.0414806
-0.127122
0.00746667
0.0539017
-0.095122
-0.101496
0.0484595
0.0128529
-0.127309
-0.0525673
0.0676026
-0.0393272
-0.128412
0.00503567
0.0593785
-0.0865473
-0.0975614
0.0546633
0.0270861
-0.113637
-0.0429434
0.0826078
-0.0182107
-0.110981
0.0205812
0.0821364
-0.0611134
-0.077525
0.075828
0.0553864
-0.0866614
-0.0212378
0.108306
0.0125636
-0.0849972
0.0431167
0.110408
-0.0313035
-0.0545094
0.0982448
0.083516
-0.0610626
-0.00249212
0.129354
0.0374254
-0.0661599
0.0568914
0.128454
-0.0127541
-0.0439532
0.106742
0.0966374
-0.0512511
-0.000605906
0.13242
0.0436788
-0.0664431
0.0507157
0.125914
-0.0149348
-0.0543667
0.0938043
0.0882625
-0.0626365
-0.0198701
0.114341
0.0293067
-0.086686
0.0249363
0.104306
-0.0351545
-0.0818788
0.0644581
0.0645365
-0.0879675
-0.0519514
0.084477
0.00464708
-0.115605
-0.00827288
0.0766172
-0.0596704
-0.112044
0.0337695
0.0410583
-0.111178
-0.0803878
0.0595863
-0.0133365
-0.1361
-0.0317626
0.0599395
-0.0715314
-0.128123
0.0181689
0.0338498
-0.116725
-0.0901883
0.0540135
-0.0110282
-0.13534
-0.0335533
0.0653181
-0.0606836
-0.121093
0.0255917
0.0496987
-0.0989965
-0.0769364
0.0709359
0.0134831
-0.112676
-0.014267
0.0908423
-0.0303178
-0.0953947
0.050355
0.0816917
-0.0660919
-0.0498704
0.100006
0.0487822
-0.080519
0.0127541
0.122286
0.00452827
-0.0667865
0.0760535
0.112843
-0.0354814
-0.0268437
0.123062
0.0764859
-0.0573644
0.0290014
0.141204
0.025571
-0.0532784
0.0850373
0.125939
-0.0238398
-0.0238928
0.124778
0.0820482
-0.0568818
0.0217582
0.135885
0.0221669
-0.0643695
0.0689993
0.113896
-0.0369784
-0.0455084
0.101997
0.0636585
-0.0795066
-0.00802349
0.108649
-0.00200111
-0.0950118
0.0343256
0.0843942
-0.0659497
-0.0815039
0.0660829
0.0337935
-0.111694
-0.0457917
0.0749666
-0.0306226
-0.128118
-0.00120964
0.0557878
-0.0919014
-0.112611
0.0366088
0.0122211
-0.133567
-0.0716562
0.0546217
-0.0441239
-0.144409
-0.0187243
0.0464463
-0.0970653
-0.121742
0.0298808
0.0143675
-0.130645
-0.0721548
0.0599692
-0.0313262
-0.133925
-0.00953652
0.0637087
-0.0754801
-0.104333
0.0490258
0.0418906
-0.10274
-0.048562
0.0882547
0.003543
-0.102331
0.0192728
0.0990936
-0.0369811
-0.0715109
0.0816669
0.0812112
-0.0645495
-0.0166188
0.122758
0.0428634
-0.0680432
0.0485864
0.13286
-0.00182766
-0.043935
0.10684
0.111155
-0.0373381
0.00244194
0.142369
0.0657527
-0.0515892
0.0583347
0.145485
0.0111117
-0.0397045
0.107301
0.115411
-0.0363838
-0.00553427
0.134117
0.0604896
-0.06336
0.0395155
0.129387
-0.00427563
-0.0634116
0.0799977
0.0924709
-0.0616227
-0.038898
0.101218
0.0318366
-0.0970484
-4.61579e-05
0.093856
-0.0372766
-0.102953
0.0383551
0.057005
-0.097202
-0.0806806
0.0616562
-0.00130093
-0.132906
-0.0398571
0.0600085
-0.0662534
-0.136265
0.00474558
0.0315629
-0.120498
-0.108288
0.0378642
-0.0167758
-0.149169
-0.0586457
0.0484945
-0.0712836
-0.144238
-0.00264537
0.0332967
-0.115471
-0.106868
0.0434127
-0.00237931
-0.13504
-0.0470834
0.0671051
-0.0461566
-0.122262
0.0191601
0.0635153
-0.0824813
-0.0784414
0.0746147
0.0365397
-0.0974898
-0.0137274
0.105719
-0.00250906
-0.0834146
0.0556989
0.106426
-0.0385638
-0.041185
0.112225
0.0797554
-0.0576072
0.0195824
0.141837
0.0366154
-0.0511504
0.0832221
0.138091
-0.00771536
-0.019018
0.132513
0.103839
-0.0383817
0.0304199
0.153696
0.0502294
-0.0455531
0.0826504
0.140518
-0.006733
-0.0274405
0.121346
0.0960909
-0.0509972
0.00918587
0.133319
0.0320191
-0.0712177
0.0511322
0.112602
-0.0349591
-0.0640158
0.0829205
0.0624369
-0.0878067
-0.034781
0.0916729
-0.00546999
-0.114065
0.00420861
0.0712536
-0.074191
-0.109324
0.0377641
0.0243999
-0.126387
-0.0782621
0.052639
-0.0378214
-0.149249
-0.0329721
0.0417759
-0.0990919
-0.13811
0.0109092
0.00664726
-0.142549
-0.0976632
0.0390765
-0.0430331
-0.155722
-0.0404297
0.0429598
-0.0921539
-0.134227
0.0170459
0.0223205
-0.124756
-0.0831093
0.0591287
-0.0147438
-0.128924
-0.0154336
0.0756709
-0.0543806
-0.10053
0.0514674
0.0648674
-0.0813647
-0.0447089
0.100965
0.0335456
-0.0839433
0.0254144
0.121858
-0.00517835
-0.0576673
0.0923767
0.111439
-0.0361472
-0.00702992
0.139332
0.076018
-0.0470121
0.0556031
0.154848
0.0287594
-0.0322004
0.113475
0.136118
-0.0144917
0.00521167
0.150299
0.0896458
-0.0401168
0.0543039
0.155063
0.0292102
-0.0408811
0.0995606
0.125323
-0.0282755
-0.018081
0.12559
0.068014
-0.0677577
0.0189616
0.121892
-0.0024818
-0.0803965
0.0558971
0.0862285
-0.0684347
-0.0659842
0.0779218
0.0255633
-0.113824
-0.0327185
0.07453
-0.0457265
-0.128846
0.00557848
0.0429905
-0.109861
-0.112553
0.0339309
-0.0105227
-0.150706
-0.072839
0.0410017
-0.0725136
-0.158361
-0.0238171
0.0227386
-0.126005
-0.131941
0.0186117
-0.0162412
-0.155502
-0.0797136
0.0416462
-0.0639592
-0.151596
-0.0165783
0.0394487
-0.104691
-0.113828
0.0403598
0.014822
-0.123801
-0.0509557
0.0767917
-0.0218003
-0.112329
0.021483
0.085286
-0.0557336
-0.0699456
0.0855701
0.0672426
-0.072755
-0.00535448
0.126088
0.0321509
-0.0637083
0.0659976
0.134765
-0.00559681
-0.0275891
0.126241
0.112446
-0.0313513
0.0278453
0.160164
0.0685481
-0.0348881
0.0881507
0.159542
0.0180008
-0.0136933
0.136352
0.125447
-0.0233941
0.026153
0.157946
0.0678392
-0.0437757
0.0717728
0.145255
0.00258901
-0.0387536
0.107428
0.0998281
-0.053191
-0.0125953
0.11941
0.0321453
-0.086096
0.0232746
0.100405
-0.0412767
-0.0901928
0.0539969
0.0519847
-0.102547
-0.0684854
0.0660771
-0.0155225
-0.137443
-0.0316665
0.0517923
-0.0857991
-0.139344
0.00544097
0.0118503
-0.141116
-0.110904
0.0286533
-0.0445252
-0.167386
-0.0629844
0.0289467
-0.102136
-0.158183
-0.0111899
0.00534661
-0.144227
-0.116549
0.0289329
-0.0346974
-0.157478
-0.0540466
0.046579
-0.077572
-0.136046
0.0126522
0.0388425
-0.107715
-0.0834745
0.0666147
0.0114027
-0.112508
-0.0118519
0.0954951
-0.0234517
-0.0863539
0.061525
0.0949357
-0.0508443
-0.0327004
0.119012
0.0695278
-0.0581444
0.0366412
0.147565
0.0310686
-0.0391254
0.104693
0.142316
-0.00532979
0.00382844
0.154099
0.107728
-0.0260819
0.0601619
0.172084
0.0560115
-0.0234385
0.114123
0.154123
0.00329505
0.00205003
0.149397
0.105218
-0.0352848
0.0416701
0.154012
0.0384152
-0.0500871
0.0812427
0.12404
-0.0289879
-0.0397153
0.105565
0.0649849
-0.0804315
-0.011196
0.103248
-0.00960173
-0.104776
0.0224486
0.0704691
-0.0818524
-0.0993044
0.0464788
0.0124892
-0.134591
-0.0701639
0.0492483
-0.0575537
-0.156126
-0.0301484
0.0260707
-0.122244
-0.143426
0.00548429
-0.0190503
-0.164826
-0.102743
0.0238719
-0.0743776
-0.174013
-0.0475251
0.0186008
-0.123813
-0.147256
0.00573495
-0.00828344
-0.151687
-0.0914791
0.0424648
-0.0469195
-0.147529
-0.0210817
0.0542856
-0.0827333
-0.109382
0.0462098
0.0413239
-0.101056
-0.0446392
0.0943998
0.0118792
-0.0918503
0.0318446
0.113694
-0.0204282
-0.0530942
0.101854
0.103066
-0.0411418
0.00821879
0.1489
0.070175
-0.0397062
0.077802
0.162806
0.0286935
-0.0129998
0.138031
0.142442
-0.00611834
0.0334307
0.172969
0.0958072
-0.0222392
0.0868283
0.172978
0.0374608
-0.0146385
0.130956
0.137534
-0.0159079
0.013186
0.150988
0.0754242
-0.0504418
0.0503504
0.138086
0.0022409
-0.0591137
0.0820561
0.0922818
-0.0640605
-0.0435739
0.094331
0.0227753
-0.10824
-0.0133109
0.0785901
-0.054465
-0.121978
0.017593
0.034616
-0.121104
-0.105974
0.0351048
-0.0289715
-0.161556
-0.0693379
0.029852
-0.0969297
-0.167305
-0.0264973
0.000282046
-0.151657
-0.139166
0.00742955
-0.0466081
-0.178248
-0.0868208
0.0213719
-0.0972137
-0.168844
-0.0257997
0.011717
-0.135366
-0.124978
0.0271841
-0.016641
-0.147264
-0.057207
0.0591373
-0.0519275
-0.125809
0.0178559
0.0644638
-0.0792869
-0.0730199
0.0822376
0.0463262
-0.0855931
0.000216963
0.121642
0.0153102
-0.0637944
0.0770193
0.12934
-0.0141779
-0.0154551
0.139168
0.107774
-0.0286608
0.0493057
0.172187
0.0674343
-0.0200249
0.114494
0.16935
0.0233683
0.0117265
0.162762
0.133437
-0.00959042
0.0582545
0.180433
0.0757307
-0.0214227
0.105286
0.161544
0.0125737
-0.00995578
0.136921
0.109676
-0.0394734
0.0185868
0.140551
0.0370463
-0.0684251
0.0516763
0.110898
-0.0389041
-0.0701838
0.0745633
0.0519359
-0.1004
-0.0494022
0.0751021
-0.0239041
-0.13427
-0.0176627
0.0478323
-0.0990422
-0.135479
0.0104421
-0.0039454
-0.155611
-0.108216
0.0221139
-0.0687592
-0.180442
-0.0642598
0.0105589
-0.130078
-0.168707
-0.0191387
-0.0226939
-0.171034
-0.125146
0.0127403
-0.0680851
-0.179363
-0.0625381
0.022502
-0.110856
-0.15108
0.00213128
0.00942366
-0.135571
-0.0917874
0.0526348
-0.0190189
-0.130961
-0.0152226
0.0781321
-0.0496826
-0.0936221
0.0605503
0.0760812
-0.0680803
-0.0294246
0.118173
0.0525893
-0.0631656
0.0478184
0.145775
0.0201284
-0.0311054
0.120058
0.140099
-0.00665944
0.0231314
0.170014
0.107062
-0.0157691
0.0868831
0.186006
0.0596339
-0.00177225
0.1433
0.165189
0.0136732
0.0323222
0.176217
0.114239
-0.0169785
0.0758669
0.174942
0.0473023
-0.0246728
0.113802
0.137528
-0.0181734
-0.0101358
0.13134
0.0715399
-0.0664768
0.0179902
0.118677
-0.0079249
-0.0880421
0.0460895
0.0743124
-0.0823993
-0.0819275
0.0600849
0.00592665
-0.135161
-0.0556476
0.0501312
-0.0714687
-0.155802
-0.02245
0.0140369
-0.139592
-0.142909
0.00310891
-0.0416496
-0.181979
-0.104098
0.0099217
-0.103254
-0.188605
-0.0534078
-0.00604276
-0.15383
-0.158668
-0.00687604
-0.0403564
-0.178123
-0.100724
0.0223581
-0.0814251
-0.167152
-0.0301439
0.0279469
-0.114071
-0.12104
0.0353552
0.0120526
-0.124324
-0.04923
0.0807598
-0.0156099
-0.103951
0.0320048
0.0979006
-0.0410929
-0.053357
0.104023
0.0874658
-0.0508685
0.0180808
0.150953
0.0583189
-0.0363765
0.094352
0.163998
0.0243631
0.00293963
0.157183
0.143642
-6.41017e-05
0.0590599
0.191148
0.0991409
-0.00484752
0.117484
0.188019
0.0454732
0.0126295
0.161391
0.149075
-0.00130223
0.0465931
0.176631
0.084674
-0.0288818
0.084649
0.15605
0.0112457
-0.0322827
0.111681
0.101844
-0.0534249
-0.0150797
0.114691
0.0252168
-0.0952013
0.0120397
0.0871013
-0.0565804
-0.107421
0.0349359
0.0311915
-0.124967
-0.0924183
0.0407582
-0.0420955
-0.165136
-0.0603355
0.0222982
-0.115966
-0.170031
-0.0256056
-0.0193928
-0.172396
-0.142061
-0.00221673
-0.0749474
-0.197206
-0.0920482
0.000792656
-0.129235
-0.18409
-0.0357694
-0.0177755
-0.165775
-0.136412
0.0108598
-0.0508858
-0.171701
-0.0662312
0.0364992
-0.0854954
-0.141775
0.00914855
0.037585
-0.106722
-0.080238
0.0720805
0.0190708
-0.10268
8.41318e-05
0.109481
-0.00748899
-0.0684999
0.081179
0.116291
-0.0279005
-0.00828878
0.144768
0.0964955
-0.030107
0.0656026
0.177304
0.0614303
-0.00830081
0.135822
0.173591
0.025928
0.0349048
0.184835
0.137967
0.00350058
0.0889338
0.1999
0.0827268
0.0020351
0.138224
0.17673
0.0242886
0.0213194
0.166845
0.120755
-0.0217402
0.0531505
0.163371
0.045606
-0.0451056
0.0839899
0.124542
-0.0307361
-0.0437067
0.0993536
0.056587
-0.0909751
-0.0238317
0.0885889
-0.0262087
-0.123248
0.0022083
0.0485679
-0.105303
-0.124185
0.0202992
-0.0148523
-0.162955
-0.0994061
0.0192829
-0.0880868
-0.187072
-0.0613466
-0.00521528
-0.153458
-0.174407
-0.0251034
-0.0490836
-0.194152
-0.131211
-0.00358884
-0.100688
-0.19904
-0.0711386
-0.0034741
-0.144236
-0.165925
-0.0110806
-0.0231567
-0.164543
-0.102254
0.0338305
-0.0533679
-0.151762
-0.0230759
0.054543
-0.0802268
-0.104642
0.0531605
0.0504517
-0.0898013
-0.0313166
0.109724
0.0291262
-0.0727728
0.0526542
0.136131
0.00351901
-0.0277634
0.128439
0.13077
-0.0124645
0.0377193
0.179074
0.100867
-0.00865798
0.109046
0.194087
0.0598485
0.0178654
0.168448
0.172257
0.0229366
0.0615741
0.200058
0.121703
0.00232547
0.109935
0.19451
0.0573066
0.00341515
0.147126
0.151739
-0.00374444
0.0232437
0.15889
0.081132
-0.0469614
0.0515851
0.137072
-0.00101763
-0.0646027
0.0743666
0.082434
-0.0760176
-0.0575805
0.0783499
0.00490385
-0.127913
-0.0346828
0.0556323
-0.0788904
-0.147748
-0.00938591
0.0065699
-0.150074
-0.135721
0.00473851
-0.0597991
-0.192688
-0.100614
-0.00140365
-0.128003
-0.198039
-0.0567306
-0.029292
-0.18042
-0.166972
-0.0192734
-0.0720679
-0.202335
-0.109413
0.000396014
-0.116465
-0.186275
-0.0413182
-0.00180631
-0.146826
-0.134318
0.0200157
-0.0215995
-0.14999
-0.057687
0.0609089
-0.0479136
-0.119577
0.0262753
0.0750295
-0.0666312
-0.058342
0.098864
0.0648169
-0.0653367
0.0221333
0.145108
0.0402045
-0.0376037
0.104372
0.157715
0.0150719
0.0145154
0.169706
0.138724
0.00253821
0.0805911
0.203399
0.0984133
0.0105569
0.144521
0.19867
0.0518274
0.0391754
0.18906
0.158452
0.0140076
0.0803128
0.200841
0.0943821
-0.00462705
0.120139
0.174382
0.0233274
-0.00134412
0.143348
0.113888
-0.0375022
0.0183063
0.138023
0.0322849
-0.0753986
0.0425271
0.0996235
-0.0522469
-0.0855285
0.0572982
0.0328418
-0.121227
-0.0718556
0.0511415
-0.0492474
-0.160868
-0.0453774
0.0191473
-0.12855
-0.16566
-0.0202539
-0.0349953
-0.186857
-0.139497
-0.00903812
-0.0996201
-0.210856
-0.0940678
-0.0184866
-0.158211
-0.195786
-0.0450212
-0.0472436
-0.194126
-0.146663
-0.00708732
-0.0861199
-0.195515
-0.076723
0.0103602
-0.120893
-0.158962
-0.00355438
0.00596652
-0.136784
-0.0907519
0.0559164
-0.0135073
-0.123251
-0.00535417
0.090111
-0.0356559
-0.0776232
0.0784402
0.095772
-0.0466927
-0.00645264
0.142613
0.0783721
-0.0361765
0.0758739
0.174755
0.049882
-0.000734919
0.150889
0.171234
0.0246171
0.054385
0.201086
0.137792
0.0144575
0.116449
0.214762
0.0874303
0.0249179
0.168747
0.189264
0.0362492
0.0532804
0.195452
0.131652
-0.00148032
0.0893695
0.186383
0.0566209
-0.0175273
0.118739
0.140233
-0.0177161
-0.0119307
0.127304
0.0652866
-0.0749186
0.00740288
0.106002
-0.0226222
-0.104689
0.0275808
0.0540402
-0.104332
-0.105409
0.0351778
-0.0202753
-0.162525
-0.0840329
0.0208746
-0.101445
-0.186346
-0.0534036
-0.0171626
-0.170877
-0.174121
-0.0278663
-0.0722257
-0.212001
-0.133411
-0.0185271
-0.130691
-0.214893
-0.0784089
-0.0296249
-0.175872
-0.179059
-0.0255089
-0.0571323
-0.192957
-0.113542
0.0116264
-0.0900148
-0.173558
-0.0343334
0.0259992
-0.113769
-0.118492
0.0401391
0.0190489
-0.115154
-0.0379354
0.0941238
-0.000245327
-0.0866688
0.0511164
0.118745
-0.0186242
-0.0293833
0.129379
0.114077
-0.0231443
0.0467738
0.18047
0.0885063
-0.00567739
0.125404
0.195246
0.0556438
0.0340884
0.188041
0.174052
0.0297364
0.0880962
0.219272
0.126209
0.0210213
0.142019
0.211098
0.0669741
0.0324387
0.179408
0.165208
0.0128622
0.0587134
0.186647
0.0925354
-0.0232192
0.0880837
0.157242
0.0101879
-0.0355877
0.106148
0.0941137
-0.0633152
-0.0270801
0.100646
0.00919937
-0.113111
-0.00766889
0.0656986
-0.0795673
-0.131876
0.00914072
0.00419226
-0.153033
-0.121408
0.0109986
-0.0724706
-0.195972
-0.0914739
-0.00897775
-0.147219
-0.201101
-0.0563314
-0.0496124
-0.201956
-0.170809
-0.0300021
-0.101625
-0.222641
-0.116109
-0.0217667
-0.150176
-0.203309
-0.0531637
-0.0332532
-0.179258
-0.147833
0.00156331
-0.0580088
-0.176617
-0.0689144
0.0360653
-0.083678
-0.137719
0.0154237
0.0460495
-0.0961142
-0.0675437
0.0867982
0.0357371
-0.0841543
0.0203727
0.13143
0.0160078
-0.0435806
0.107393
0.143667
0.000493758
0.0209746
0.174751
0.127046
0.000848854
0.0968031
0.20859
0.0926415
0.0226701
0.166394
0.203607
0.0552324
0.0633432
0.212263
0.164243
0.0284874
0.112501
0.221928
0.103102
0.0206489
0.154981
0.191546
0.0370859
0.0320291
0.175414
0.127141
-0.0175738
0.0550753
0.163048
0.0430354
-0.0499128
0.0769718
0.115352
-0.0420517
-0.0570919
0.0839702
0.0392869
-0.110105
-0.0446939
0.0661058
-0.0501963
-0.148619
-0.0244142
0.0208346
-0.134005
-0.15371
-0.00989356
-0.0455547
-0.194011
-0.130656
-0.0119962
-0.119233
-0.217927
-0.0917506
-0.0350077
-0.182486
-0.202524
-0.0521601
-0.0749388
-0.218674
-0.154275
-0.0250725
-0.120479
-0.21704
-0.0872534
-0.0176174
-0.156336
-0.175921
-0.01892
-0.0287963
-0.167957
-0.103425
0.0349116
-0.0500403
-0.146208
-0.0153241
0.0644556
-0.0682059
-0.0905772
0.0691974
0.0683803
-0.0700761
-0.00989857
0.132727
0.0535959
-0.0469661
0.0796643
0.164208
0.0325166
0.0020019
0.15882
0.161612
0.0186754
0.0689949
0.210326
0.131935
0.0220624
0.139259
0.22364
0.0885879
0.0456393
0.195115
0.19768
0.0469828
0.084117
0.220984
0.140904
0.0197002
0.125393
0.207974
0.0687066
0.0126891
0.154227
0.156634
-0.00108394
0.0236543
0.157052
0.0770546
-0.0532594
0.0430987
0.126444
-0.0137321
-0.0793412
0.0576816
0.0638917
-0.0963236
-0.0795471
0.0548392
-0.0200282
-0.15414
-0.0620702
0.0272299
-0.108161
-0.177739
-0.0399408
-0.0243879
-0.181277
-0.167009
-0.0264703
-0.0907659
-0.223256
-0.130625
-0.0306991
-0.156432
-0.225457
-0.0829952
-0.0542642
-0.203973
-0.188986
-0.0396309
-0.0906628
-0.219074
-0.12421
-0.0123798
-0.127154
-0.194824
-0.0476821
-0.00594949
-0.148729
-0.133973
0.0226091
-0.0167694
-0.142951
-0.0484766
0.0722464
-0.0345078
-0.104175
0.043594
0.0941784
-0.0457528
-0.0358445
0.122867
0.0902019
-0.0387034
0.0498763
0.17382
0.0697372
-0.00740637
0.135078
0.188775
0.0463226
0.0457929
0.200851
0.169577
0.032936
0.110376
0.23242
0.12652
0.0376012
0.170363
0.22318
0.0748765
0.0606417
0.208835
0.176434
0.0301025
0.0944354
0.212921
0.104358
0.00318961
0.125757
0.177774
0.0244756
-0.00244861
0.139999
0.108313
-0.0452764
0.00837175
0.125983
0.0182012
-0.0914558
0.0245799
0.0798823
-0.0736813
-0.108548
0.032815
0.00702365
-0.148249
-0.0999433
0.0221365
-0.0790189
-0.191255
-0.0762227
-0.0119935
-0.159826
-0.196913
-0.0513192
-0.0657104
-0.217065
-0.169044
-0.0377678
-0.127383
-0.237511
-0.119478
-0.0425173
-0.180739
-0.216696
-0.0642048
-0.0645987
-0.209565
-0.160108
-0.0184657
-0.0953719
-0.202596
-0.0815962
0.00772314
-0.121281
-0.157102
0.000545412
0.0122875
-0.128277
-0.0801043
0.0686522
0.00125168
-0.106548
0.0132057
0.110435
-0.0136734
-0.054099
0.103386
0.122013
-0.0192951
0.0219581
0.171893
0.10837
-0.0056178
0.106834
0.205961
0.0811701
0.0304711
0.181853
0.201798
0.0546211
0.0836716
0.229506
0.165201
0.0407089
0.141407
0.238301
0.109428
0.0452572
0.187324
0.205986
0.0510264
0.0660348
0.20612
0.14018
0.0048607
0.09349
0.188265
0.0562539
-0.0201442
0.113887
0.133173
-0.0269483
-0.0232901
0.113879
0.0498666
-0.0922567
-0.0117643
0.0851079
-0.0451348
-0.128707
0.00218282
0.0273964
-0.132086
-0.134131
0.00563846
-0.0504775
-0.193237
-0.115096
-0.0103761
-0.132722
-0.21749
-0.0842523
-0.0475539
-0.200656
-0.203135
-0.0559628
-0.0992579
-0.237832
-0.157907
-0.0415599
-0.152141
-0.234652
-0.0963734
-0.0456994
-0.189975
-0.19112
-0.0354631
-0.0649264
-0.198554
-0.116913
0.0105015
-0.0888876
-0.170188
-0.0287367
0.0337962
-0.103813
-0.106432
0.0542433
0.0351262
-0.0971892
-0.0181777
0.115575
0.0227896
-0.062173
0.0769469
0.14578
0.00947311
-0.000371196
0.159158
0.14447
0.00770399
0.0779159
0.211747
0.119758
0.0253841
0.156115
0.22545
0.0851833
0.062808
0.215794
0.200697
0.0551332
0.112112
0.241785
0.147104
0.0401861
0.159356
0.226519
0.0803989
0.0437951
0.188639
0.172269
0.0177126
0.0613274
0.187014
0.0906541
-0.0273422
0.0817405
0.148715
-0.000480699
-0.048345
0.0913697
0.0773933
-0.0818936
-0.0474222
0.0786482
-0.0143388
-0.138071
-0.033922
0.0382915
-0.107987
-0.161165
-0.0208637
-0.02637
-0.183998
-0.152615
-0.0202887
-0.103674
-0.226934
-0.122034
-0.0389741
-0.176497
-0.229513
-0.0837286
-0.0758505
-0.226901
-0.194335
-0.0519831
-0.121947
-0.241202
-0.132812
-0.0365231
-0.16291
-0.213957
-0.0616702
-0.0395712
-0.183357
-0.149694
0.00195332
-0.0553689
-0.171744
-0.0618339
0.0453199
-0.0722978
-0.124275
0.0308633
0.0634074
-0.0769299
-0.0466343
0.109327
0.0597702
-0.0587443
0.0470276
0.159195
0.0447389
-0.0140351
0.137601
0.174384
0.0315592
0.0522253
0.206028
0.158188
0.0316929
0.127189
0.238363
0.121647
0.0507555
0.193415
0.229427
0.079715
0.0863598
0.233697
0.183986
0.0464327
0.128555
0.236012
0.115143
0.0305807
0.162754
0.197122
0.0404343
0.0331305
0.174265
0.12375
-0.0231932
0.047256
0.153072
0.0309553
-0.064038
0.0608753
0.0973706
-0.061827
-0.0785609
0.0609208
0.0147782
-0.135949
-0.0717404
0.0379997
-0.0792162
-0.178406
-0.0548132
-0.0100161
-0.165149
-0.184989
-0.041144
-0.0766125
-0.224718
-0.160855
-0.0415273
-0.147943
-0.245671
-0.118384
-0.0603903
-0.206487
-0.225022
-0.0730375
-0.094085
-0.235993
-0.169678
-0.0384761
-0.131814
-0.226251
-0.0942922
-0.0224446
-0.158928
-0.176267
-0.017016
-0.0246502
-0.161592
-0.0948765
0.045602
-0.037262
-0.131411
0.00141484
0.0830532
-0.047847
-0.0685652
0.0927507
0.0933551
-0.0438115
0.0175183
0.161157
0.0828932
-0.0169566
0.110231
0.195177
0.0637261
0.0332879
0.190022
0.192571
0.0492296
0.098984
0.239598
0.160339
0.0494478
0.165485
0.248573
0.112099
0.0676032
0.21542
0.216224
0.0636664
0.0988528
0.233698
0.151532
0.0281842
0.131689
0.212052
0.0705451
0.0122756
0.151565
0.15174
-0.00818676
0.0143774
0.145652
0.0635912
-0.0687194
0.0257218
0.107243
-0.0346579
-0.101887
0.0336345
0.0384698
-0.122991
-0.107323
0.0261001
-0.0495801
-0.184355
-0.0927921
-0.00383699
-0.139413
-0.209017
-0.071081
-0.0552271
-0.211657
-0.196775
-0.0554668
-0.118841
-0.250266
-0.156433
-0.0551666
-0.179433
-0.246876
-0.10272
-0.07219
-0.220009
-0.203051
-0.0516504
-0.100573
-0.226826
-0.129764
-0.015705
-0.128233
-0.193654
-0.0442684
-0.000306879
-0.140888
-0.123978
0.0347104
-0.00262339
-0.126836
-0.0304774
0.09204
-0.0130223
-0.0811117
0.0681165
0.120036
-0.0186954
-0.00772983
0.151895
0.119997
-0.00830009
0.08073
0.204968
0.101018
0.0238417
0.166133
0.219479
0.0765153
0.0753155
0.229553
0.197311
0.0595572
0.135745
0.256409
0.149004
0.0584609
0.189492
0.240481
0.0902592
0.074024
0.22015
0.185625
0.0371188
0.0992398
0.215492
0.104682
0.00126216
0.121588
0.171389
0.015906
-0.0131612
0.1272
0.0934977
-0.062035
-0.0102446
0.105608
-0.00382619
-0.115025
-0.00040852
0.0536069
-0.101109
-0.136989
0.00351035
-0.0229911
-0.178821
-0.130916
-0.00907359
-0.110304
-0.222457
-0.107179
-0.0425417
-0.189809
-0.226178
-0.079713
-0.0930839
-0.243279
-0.193964
-0.0612629
-0.14933
-0.257801
-0.138004
-0.0591809
-0.195455
-0.229392
-0.0748118
-0.0730601
-0.21584
-0.164165
-0.020281
-0.0949354
-0.199913
-0.0766807
0.0148489
-0.111983
-0.145683
0.0140292
0.0277681
-0.110882
-0.0608869
0.0895954
0.0238134
-0.0824879
0.0386401
0.137115
0.0141132
-0.0253523
0.132945
0.152235
0.0114305
0.0530266
0.203146
0.139648
0.0255191
0.137669
0.236337
0.11093
0.059458
0.209918
0.228799
0.0804154
0.108124
0.252493
0.186604
0.0604154
0.159315
0.254319
0.123474
0.0572549
0.197213
0.213717
0.0565585
0.0693368
0.207178
0.138989
0.00142386
0.0878249
0.180404
0.0462375
-0.0322672
0.0997212
0.117041
-0.0449661
-0.043102
0.0923782
0.0267892
-0.116794
-0.0376352
0.0580405
-0.073259
-0.157745
-0.0276185
-0.00301088
-0.162943
-0.165282
-0.0256417
-0.0817236
-0.22429
-0.145796
-0.0405618
-0.162237
-0.246184
-0.111977
-0.0741621
-0.226012
-0.22711
-0.0784303
-0.1201
-0.256943
-0.175191
-0.0569222
-0.165503
-0.245947
-0.105543
-0.0526928
-0.194758
-0.19367
-0.0357643
-0.0629757
-0.194364
-0.110507
0.0190936
-0.0781536
-0.157371
-0.0139019
0.0505747
-0.0851792
-0.0860411
0.076287
0.058711
-0.0721882
0.00810903
0.143015
0.0512401
-0.0328617
0.106968
0.176358
0.0404489
0.0308393
0.190444
0.175671
0.0386566
0.108458
0.241725
0.149016
0.0537674
0.183478
0.251653
0.11009
0.0862872
0.237726
0.22097
0.0736403
0.128756
0.256483
0.159779
0.050771
0.167795
0.232773
0.0844336
0.045587
0.18818
0.169564
0.0127744
0.054179
0.177696
0.0792142
-0.0408472
0.0662403
0.131303
-0.0197156
-0.0693059
0.0687929
0.0533199
-0.107342
-0.0741146
0.0508522
-0.0430936
-0.167639
-0.06415
0.00756295
-0.139058
-0.19242
-0.0521404
-0.0575036
-0.214829
-0.182988
-0.0500411
-0.132652
-0.25499
-0.149023
-0.0647546
-0.200936
-0.252487
-0.105116
-0.0955385
-0.244791
-0.210334
-0.066008
-0.133923
-0.25107
-0.140523
-0.042032
-0.16619
-0.214993
-0.0604565
-0.0361111
-0.17767
-0.141812
0.0119916
-0.0432245
-0.157559
-0.0456827
0.0633571
-0.0524684
-0.102759
0.0539559
0.0879597
-0.0510469
-0.0195568
0.137462
0.0888177
-0.0289372
0.0774396
0.190058
0.075892
0.0172443
0.168846
0.205436
0.0622549
0.082404
0.235536
0.186875
0.059406
0.153784
0.263707
0.145608
0.0732063
0.21424
0.248522
0.0969793
0.101702
0.247039
0.195261
0.05558
0.135526
0.240774
0.11767
0.0308584
0.160781
0.192912
0.0340063
0.0245159
0.163511
0.110913
-0.0380485
0.0304579
0.134421
0.0105483
-0.0860987
0.0372758
0.0723575
-0.088126
-0.106012
0.0324616
-0.0145399
-0.165977
-0.102324
0.00702187
-0.110428
-0.209693
-0.0860129
-0.0409643
-0.195687
-0.214961
-0.0703932
-0.104985
-0.252071
-0.187047
-0.0664197
-0.171407
-0.267588
-0.138641
-0.0788782
-0.223112
-0.239701
-0.0856922
-0.104648
-0.244412
-0.175911
-0.0424878
-0.133583
-0.225771
-0.0915662
-0.0174832
-0.151758
-0.166928
-0.00555501
-0.011124
-0.146073
-0.0774468
0.0648555
-0.0162839
-0.10882
0.0255022
0.108515
-0.0211429
-0.0407602
0.121515
0.122931
-0.0135785
0.0482502
0.192232
0.11415
0.0143184
0.141362
0.226006
0.0940928
0.0630322
0.218992
0.220619
0.0762075
0.124751
0.264023
0.183298
0.0708176
0.185155
0.266446
0.128079
0.0816069
0.227376
0.226072
0.0713546
0.104339
0.236957
0.152547
0.0269471
0.128206
0.206345
0.0626422
0.00221502
0.139401
0.137536
-0.0243575
-0.00367901
0.125806
0.0420598
-0.0918281
0.00115524
0.0813489
-0.0617465
-0.130032
0.00457881
0.0086571
-0.153408
-0.138191
-0.00505427
-0.0808592
-0.2156
-0.123842
-0.0345272
-0.169586
-0.238518
-0.0997583
-0.0829286
-0.238242
-0.222107
-0.0794127
-0.141275
-0.271076
-0.175511
-0.0724111
-0.194755
-0.260199
-0.113975
-0.0813147
-0.226958
-0.207792
-0.0541553
-0.100827
-0.224832
-0.125532
-0.009254
-0.119596
-0.18288
-0.0314114
0.0145693
-0.124072
-0.10531
0.055135
0.019454
-0.103223
-0.00545153
0.118352
0.0144401
-0.0526444
0.0974423
0.150072
0.0118926
0.02325
0.183109
0.151284
0.0228971
0.111674
0.235502
0.130984
0.0530818
0.194497
0.246822
0.102695
0.100193
0.253003
0.219214
0.0797958
0.154214
0.273016
0.163664
0.0710939
0.200034
0.24888
0.0964701
0.0780124
0.221897
0.185124
0.0343698
0.0942556
0.208301
0.0953226
-0.0102208
0.108042
0.155852
-0.0015424
-0.0324334
0.106206
0.0708923
-0.0861374
-0.0357205
0.0788935
-0.0316408
-0.143799
-0.0299923
0.0233693
-0.131845
-0.168067
-0.0277474
-0.0542644
-0.20995
-0.161742
-0.0394339
-0.140041
-0.25142
-0.135217
-0.069507
-0.215564
-0.250591
-0.102656
-0.114436
-0.262933
-0.211819
-0.0772236
-0.163314
-0.269737
-0.147832
-0.0668462
-0.200919
-0.232629
-0.0758039
-0.0717996
-0.212336
-0.158437
-0.0123556
-0.084853
-0.187729
-0.0624578
0.0310399
-0.0939082
-0.125821
0.0355771
0.0508929
-0.0863023
-0.0349812
0.116696
0.0519695
-0.0534251
0.0684591
0.167539
0.0449842
0.0058029
0.164225
0.183479
0.0424766
0.0837115
0.233314
0.169143
0.0541864
0.16536
0.262911
0.136249
0.0833883
0.232337
0.249593
0.0994753
0.125349
0.267796
0.199908
0.0716481
0.168417
0.261249
0.128193
0.0597363
0.197446
0.211702
0.0523039
0.0628629
0.198521
0.128195
-0.0114544
0.0729286
0.163569
0.0275523
-0.0527099
0.0776281
0.0934142
-0.0700057
-0.0694274
0.0649059
-0.00168646
-0.146129
-0.0676775
0.027449
-0.104242
-0.188962
-0.0589062
-0.0342051
-0.193885
-0.195813
-0.0556008
-0.110955
-0.252645
-0.173129
-0.0667277
-0.187101
-0.26962
-0.133863
-0.0943825
-0.244463
-0.2437
-0.0930697
-0.132712
-0.267465
-0.183569
-0.0631102
-0.169469
-0.247673
-0.10502
-0.0499204
-0.189752
-0.186459
-0.0263831
-0.051471
-0.180798
-0.0949514
0.0365616
-0.0588634
-0.136361
0.00871879
0.0746926
-0.0596906
-0.0593161
0.104112
0.0874946
-0.042598
0.0383515
0.173756
0.0823216
-0.00160414
0.13824
0.207487
0.0712711
0.061193
0.220174
0.204626
0.0666839
0.135412
0.267467
0.173415
0.0766941
0.204813
0.271291
0.127927
0.102228
0.251689
0.232887
0.0834463
0.136398
0.261926
0.162995
0.0517397
0.166512
0.229247
0.0786835
0.0376389
0.178077
0.157361
-0.00146894
0.037968
0.159604
0.0593359
-0.0624123
0.0431001
0.10671
-0.0456339
-0.0964188
0.0406274
0.0242499
-0.137168
-0.104545
0.0199785
-0.0742501
-0.19892
-0.0953941
-0.0234792
-0.169739
-0.222583
-0.0816279
-0.0861608
-0.24251
-0.209551
-0.0753462
-0.156567
-0.277395
-0.169802
-0.0837957
-0.218142
-0.267772
-0.118399
-0.106749
-0.253873
-0.217243
-0.0707041
-0.136382
-0.251281
-0.138486
-0.0377542
-0.159694
-0.206316
-0.0496413
-0.0232113
-0.162755
-0.12496
0.0306955
-0.0227642
-0.135451
-0.0220421
0.0884113
-0.0261308
-0.0752772
0.0824409
0.117303
-0.0209989
0.0110383
0.168448
0.120037
0.00234944
0.108632
0.220997
0.106418
0.0471958
0.19807
0.233782
0.0895763
0.108557
0.260387
0.210297
0.0812755
0.173987
0.282142
0.162179
0.0878247
0.226831
0.259024
0.105335
0.107867
0.250984
0.196966
0.0550338
0.132731
0.235747
0.110438
0.0214547
0.149255
0.179327
0.0184311
0.00702834
0.144204
0.089888
-0.0606855
0.00632517
0.108921
-0.0161879
-0.113935
0.00848343
0.0427613
-0.118374
-0.136759
0.00137821
-0.0457974
-0.19725
-0.133451
-0.0237954
-0.140776
-0.239417
-0.11496
-0.0689804
-0.222629
-0.240693
-0.0947781
-0.127896
-0.273391
-0.206668
-0.0842368
-0.187328
-0.281533
-0.150537
-0.0886618
-0.230734
-0.245124
-0.0888853
-0.105593
-0.243107
-0.172364
-0.0367147
-0.125613
-0.215648
-0.0793424
-0.00321876
-0.135528
-0.148819
0.014341
0.0104584
-0.122919
-0.0528416
0.0907872
0.0108407
-0.080646
0.0545801
0.13835
0.00929241
-0.00988411
0.152674
0.154214
0.0176637
0.0792887
0.222909
0.144308
0.0437974
0.17001
0.253678
0.120644
0.088323
0.242893
0.243009
0.0969683
0.143773
0.281212
0.198564
0.0840799
0.196345
0.275508
0.134966
0.0862798
0.229812
0.226262
0.0692947
0.100038
0.23044
0.143849
0.0161099
0.115285
0.191411
0.0457716
-0.016508
0.118924
0.115414
-0.0480133
-0.0287475
0.0994569
0.0145682
-0.120323
-0.0281964
0.0512959
-0.0923461
-0.161023
-0.0266413
-0.0226282
-0.184599
-0.169127
-0.0355743
-0.110803
-0.244816
-0.152179
-0.0618366
-0.195726
-0.263357
-0.123166
-0.104781
-0.258428
-0.240525
-0.095964
-0.155873
-0.283648
-0.185992
-0.0807447
-0.200898
-0.264123
-0.115657
-0.0807451
-0.224141
-0.202744
-0.0469005
-0.0914013
-0.213287
-0.111928
0.00634164
-0.10209
-0.163556
-0.0103699
0.0372228
-0.0999251
-0.0797977
0.0818834
0.0473019
-0.0744227
0.0241512
0.148607
0.0451912
-0.0215597
0.128701
0.181345
0.0430171
0.0540623
0.213452
0.181003
0.0518344
0.13968
0.262434
0.156703
0.0774516
0.217392
0.268127
0.122298
0.117991
0.268905
0.23314
0.0916709
0.163976
0.280617
0.169064
0.0742637
0.200957
0.247554
0.0929013
0.0722163
0.213906
0.174981
0.0221246
0.0799705
0.192053
0.0771961
-0.0301351
0.0864432
0.132684
-0.0261615
-0.0583788
0.0790711
0.0427096
-0.115224
-0.0655624
0.048454
-0.0625199
-0.174961
-0.0612757
-0.00787044
-0.162881
-0.198741
-0.0578986
-0.0837348
-0.23859
-0.189404
-0.0659725
-0.165318
-0.275308
-0.157592
-0.09025
-0.234568
-0.267762
-0.117903
-0.127677
-0.274103
-0.220861
-0.0840876
-0.167964
-0.272153
-0.148
-0.0647629
-0.196596
-0.226092
-0.0670843
-0.0609405
-0.199395
-0.143485
0.0045346
-0.0661115
-0.167236
-0.04032
0.0547115
-0.0688263
-0.0994612
0.0630796
0.0793984
-0.0569435
-0.00492288
0.147301
0.082964
-0.0222046
0.0997438
0.198729
0.0759178
0.0363168
0.194163
0.212689
0.0708044
0.111009
0.259443
0.193969
0.077578
0.187196
0.283081
0.154649
0.0999194
0.246916
0.262146
0.109935
0.13366
0.273918
0.20381
0.0733075
0.167825
0.25841
0.123123
0.0524586
0.187999
0.200137
0.0386794
0.0472469
0.180997
0.108855
-0.0325134
0.0502591
0.13941
0.00202742
-0.0794711
0.0497702
0.0646065
-0.0996161
-0.0996893
0.0341514
-0.0327728
-0.177389
-0.0989506
-0.00367207
-0.13505
-0.2193
-0.0886177
-0.0631328
-0.22188
-0.222734
-0.0813063
-0.13531
-0.275526
-0.194419
-0.0863126
-0.204879
-0.285504
-0.147769
-0.106236
-0.254204
-0.25128
-0.098448
-0.135858
-0.268366
-0.182222
-0.0595181
-0.16365
-0.239662
-0.0948558
-0.0376535
-0.175447
-0.170193
-0.00823781
-0.0315385
-0.159185
-0.071769
0.0611955
-0.0329052
-0.109216
0.036911
0.103789
-0.0298422
-0.0288726
0.134996
0.11866
-0.0113151
0.0695893
0.20479
0.112992
0.0285399
0.167703
0.236119
0.0989227
0.0877186
0.245439
0.228501
0.0890424
0.156137
0.286456
0.190568
0.0919201
0.218034
0.282441
0.136947
0.109069
0.256318
0.235281
0.0835913
0.134292
0.257582
0.156437
0.0429975
0.155632
0.216288
0.0637114
0.0207287
0.159318
0.136852
-0.0236232
0.014281
0.13451
0.032965
-0.0899266
0.014585
0.0773451
-0.0756983
-0.12703
0.00963023
-0.00697084
-0.168453
-0.135734
-0.0109508
-0.104758
-0.228853
-0.124596
-0.0517963
-0.197025
-0.248701
-0.10644
-0.109536
-0.264331
-0.229705
-0.0937271
-0.173079
-0.291954
-0.182334
-0.0942334
-0.226432
-0.273873
-0.122279
-0.108385
-0.253259
-0.214384
-0.0656118
-0.129081
-0.241814
-0.126901
-0.0241085
-0.144059
-0.188775
-0.0302835
-0.00213468
-0.140071
-0.100788
0.0562341
0.0040094
-0.107584
0.00677373
0.11803
0.00413708
-0.0445199
0.11353
0.148565
0.0102731
0.042156
0.199253
0.150371
0.0320529
0.13755
0.248984
0.133328
0.0728873
0.222411
0.256649
0.110849
0.128123
0.278148
0.226163
0.0951606
0.185819
0.291863
0.169738
0.0931798
0.229956
0.259905
0.103966
0.104251
0.245144
0.188934
0.0448477
0.120443
0.221424
0.0941535
0.00329009
0.129306
0.157698
-0.00476652
-0.0176205
0.118234
0.0627328
-0.0888882
-0.02278
0.0790668
-0.0466361
-0.144823
-0.0226837
0.0114792
-0.149611
-0.167791
-0.0292867
-0.0759345
-0.226706
-0.162075
-0.0514355
-0.167289
-0.26467
-0.13882
-0.0913221
-0.243338
-0.259664
-0.111912
-0.143101
-0.286592
-0.217797
-0.0932345
-0.194147
-0.286141
-0.15291
-0.0887833
-0.228605
-0.240759
-0.0823046
-0.0968286
-0.232207
-0.159386
-0.0217221
-0.108684
-0.196872
-0.0588174
0.0189525
-0.111826
-0.123713
0.0407243
0.0379843
-0.0943955
-0.0234695
0.120859
0.0414568
-0.0496469
0.085802
0.169636
0.04048
0.0210406
0.183177
0.184141
0.046857
0.107595
0.250185
0.170414
0.0685947
0.19337
0.275484
0.140781
0.106685
0.259386
0.25755
0.10948
0.154189
0.289481
0.204644
0.0879366
0.197958
0.274872
0.132085
0.0811642
0.222491
0.216775
0.0576885
0.0863711
0.214786
0.12629
-0.00326642
0.0941919
0.168713
0.0215849
-0.0420606
0.0921389
0.0875379
-0.0768384
-0.0583744
0.0691843
-0.0161924
-0.151416
-0.0594602
0.0200258
-0.123461
-0.191825
-0.0569698
-0.0523235
-0.21351
-0.197106
-0.0624727
-0.136481
-0.269144
-0.175032
-0.0830919
-0.215275
-0.281101
-0.139012
-0.118645
-0.27024
-0.250226
-0.103501
-0.161205
-0.286752
-0.186851
-0.0793515
-0.197261
-0.258263
-0.107603
-0.0705367
-0.211833
-0.188402
-0.0305962
-0.0732177
-0.193321
-0.0902842
0.0295554
-0.077427
-0.137575
0.0167964
0.0654364
-0.0708121
-0.0499382
0.112337
0.0781943
-0.0432546
0.055433
0.179844
0.076221
0.0090996
0.158832
0.210795
0.0716314
0.0816908
0.239954
0.206243
0.0756794
0.162005
0.283127
0.175657
0.0945655
0.232578
0.281309
0.133407
0.126966
0.275702
0.237726
0.09402
0.164074
0.278467
0.164678
0.06766
0.19217
0.236634
0.0799022
0.0572029
0.196958
0.156189
0.00158194
0.0577828
0.168338
0.052077
-0.0565316
0.0589066
0.104153
-0.0555414
-0.0884577
0.0484509
0.0117086
-0.146448
-0.0968493
0.0172693
-0.0934407
-0.205461
-0.0911965
-0.0370544
-0.191178
-0.226008
-0.083992
-0.108518
-0.261937
-0.211195
-0.0860917
-0.183661
-0.291783
-0.172114
-0.10274
-0.244963
-0.27601
-0.123961
-0.131511
-0.275694
-0.220204
-0.081183
-0.162826
-0.26481
-0.138492
-0.0531348
-0.182909
-0.21042
-0.0495065
-0.0415455
-0.178286
-0.120772
0.0287363
-0.0405453
-0.140441
-0.0124343
0.0835464
-0.0391923
-0.0691842
0.0938445
0.110495
-0.0256795
0.0263455
0.178415
0.113763
0.00811738
0.129432
0.227633
0.103886
0.0632025
0.219829
0.237004
0.0936409
0.132247
0.278975
0.211696
0.0934041
0.201039
0.294874
0.164329
0.107433
0.252226
0.265228
0.110771
0.132244
0.270259
0.197929
0.0652311
0.157595
0.246083
0.108761
0.0361341
0.169797
0.180155
0.0170186
0.0240172
0.156321
0.0828622
-0.0596917
0.0220354
0.11029
-0.0278385
-0.109931
0.0188744
0.0334376
-0.130899
-0.130926
0.00312521
-0.0634267
-0.207515
-0.128393
-0.0322763
-0.162667
-0.245792
-0.113845
-0.0869621
-0.244191
-0.243412
-0.100242
-0.152404
-0.290694
-0.207581
-0.0973994
-0.213833
-0.292282
-0.152334
-0.108561
-0.254281
-0.249109
-0.0940388
-0.129232
-0.25956
-0.171281
-0.0464977
-0.148617
-0.222696
-0.0760457
-0.0170928
-0.153244
-0.146465
0.0168952
-0.00512908
-0.131638
-0.0432292
0.0905841
-0.00281969
-0.0785926
0.0679149
0.135016
0.00144424
0.00230913
0.165913
0.149156
0.0185985
0.0987644
0.233079
0.140248
0.0546198
0.192472
0.259451
0.120697
0.10782
0.263764
0.244958
0.103544
0.168606
0.29683
0.198796
0.0979549
0.221845
0.284012
0.136268
0.106141
0.251158
0.227919
0.0740612
0.122642
0.243876
0.140746
0.0254002
0.136219
0.195164
0.0409832
-0.00348836
0.13374
0.110047
-0.0515197
-0.0145635
0.104869
0.00268298
-0.120697
-0.0165138
0.0460815
-0.106966
-0.158142
-0.0211646
-0.0372862
-0.198135
-0.16463
-0.0389082
-0.131632
-0.254507
-0.148898
-0.0746164
-0.218247
-0.268217
-0.124148
-0.125342
-0.278155
-0.241478
-0.103385
-0.18057
-0.297244
-0.185395
-0.095046
-0.224993
-0.270193
-0.116376
-0.100286
-0.243008
-0.202037
-0.0512295
-0.112737
-0.223596
-0.106902
-0.0024304
-0.120814
-0.164087
-0.00427814
0.0250559
-0.111838
-0.0716604
0.0861074
0.0344756
-0.0766857
0.037944
0.149314
0.0353724
-0.0134978
0.144179
0.178687
0.039708
0.0707501
0.226861
0.176851
0.0572658
0.161364
0.27128
0.15399
0.0918042
0.239486
0.271799
0.123991
0.139188
0.287081
0.232919
0.0997022
0.188122
0.291918
0.167545
0.0887474
0.223308
0.251078
0.0930041
0.0912095
0.230092
0.171951
0.0260188
0.0998649
0.199206
0.070411
-0.0218574
0.102884
0.130143
-0.0333158
-0.0470178
0.0881429
0.0321056
-0.119896
-0.0540088
0.0477817
-0.0778156
-0.175739
-0.0531747
-0.0184266
-0.178779
-0.196072
-0.0565316
-0.102001
-0.251462
-0.185393
-0.0731929
-0.187372
-0.282978
-0.155258
-0.105802
-0.255787
-0.270019
-0.120117
-0.149113
-0.290382
-0.219347
-0.0925322
-0.191196
-0.28096
-0.145525
-0.0792307
-0.216935
-0.227034
-0.0665942
-0.0792118
-0.212777
-0.138246
0.00102246
-0.0844519
-0.171282
-0.0320004
0.0468603
-0.0829735
-0.0940668
0.0710123
0.0687595
-0.0632949
0.00779409
0.152127
0.0725677
-0.0188571
0.116112
0.199312
0.069367
0.0489868
0.21004
0.209784
0.0711436
0.130399
0.271391
0.189913
0.0862831
0.209157
0.289289
0.152533
0.11632
0.266856
0.262819
0.112518
0.154979
0.28802
0.200943
0.08201
0.189837
0.264602
0.119717
0.066761
0.206128
0.198539
0.0376722
0.064676
0.191527
0.101589
-0.0292853
0.0669899
0.140472
-0.00755018
-0.0719418
0.0616679
0.0566372
-0.108011
-0.0896597
0.0379511
-0.0472109
-0.182062
-0.0895758
-0.00940033
-0.152046
-0.219424
-0.0834382
-0.077522
-0.23731
-0.219387
-0.0831163
-0.15538
-0.286202
-0.190162
-0.0962126
-0.226318
-0.290014
-0.145746
-0.123163
-0.272521
-0.25026
-0.101285
-0.15675
-0.280083
-0.178003
-0.0683679
-0.184198
-0.243192
-0.0906015
-0.0516888
-0.191239
-0.16617
-0.00683844
-0.0480561
-0.166889
-0.0627185
0.0581148
-0.0480217
-0.107479
0.0474282
0.0964483
-0.0395823
-0.0186544
0.143516
0.109107
-0.0127695
0.0853315
0.209004
0.104492
0.0363323
0.184886
0.235538
0.0949349
0.103431
0.260021
0.224535
0.0920979
0.176465
0.295556
0.185991
0.102748
0.238568
0.285078
0.134933
0.12624
0.27273
0.232525
0.0866134
0.154499
0.266777
0.150934
0.0519291
0.174535
0.217188
0.0587454
0.0344419
0.172713
0.130587
-0.0252473
0.0298641
0.139478
0.0224242
-0.0868264
0.0281271
0.0730508
-0.086806
-0.119726
0.0173429
-0.0190761
-0.176753
-0.126519
-0.0116082
-0.121376
-0.232313
-0.116826
-0.0613258
-0.213967
-0.247199
-0.103473
-0.126186
-0.277704
-0.224981
-0.0978221
-0.193274
-0.299232
-0.177361
-0.105754
-0.24573
-0.274529
-0.120237
-0.125561
-0.267553
-0.209914
-0.0687942
-0.148402
-0.24843
-0.120239
-0.0331002
-0.161198
-0.187147
-0.0247913
-0.0155131
-0.151074
-0.0925219
0.0578805
-0.0106569
-0.109966
0.0184695
0.114722
-0.00790663
-0.0379535
0.12486
0.141137
0.0044295
0.055763
0.206991
0.141352
0.0345728
0.154617
0.25142
0.126151
0.0838282
0.238709
0.254045
0.108751
0.145346
0.289999
0.220588
0.100116
0.205535
0.297134
0.164341
0.105194
0.247749
0.258539
0.101902
0.121238
0.257177
0.18284
0.0482096
0.138729
0.225473
0.0865137
0.0123606
0.144622
0.153712
-0.0105581
-0.00455241
0.126909
0.0527611
-0.090329
-0.00898008
0.0790599
-0.0591217
-0.141109
-0.0120353
0.0029587
-0.160791
-0.160079
-0.0251358
-0.0906476
-0.233558
-0.153124
-0.0555637
-0.184391
-0.265843
-0.132118
-0.10336
-0.258631
-0.255822
-0.110555
-0.160564
-0.296663
-0.211329
-0.0989027
-0.213085
-0.289288
-0.14711
-0.101132
-0.244685
-0.2374
-0.0802738
-0.113481
-0.241907
-0.151819
-0.0253234
-0.12584
-0.198438
-0.0504308
0.0097491
-0.125316
-0.117597
0.0465557
0.0251722
-0.100856
-0.0121258
0.121851
0.0284482
-0.0474882
0.0986955
0.165316
0.0311063
0.0311768
0.19384
0.175998
0.0442146
0.123021
0.255854
0.161423
0.0740826
0.210122
0.275201
0.134463
0.119528
0.273357
0.252387
0.108768
0.171597
0.297576
0.197293
0.0942077
0.215873
0.275849
0.125956
0.0937302
0.236715
0.21152
0.0557889
0.10259
0.22215
0.117459
0.000670163
0.110174
0.167942
0.0127236
-0.0326418
0.103845
0.0795679
-0.0824276
-0.045742
0.0735844
-0.0285457
-0.151711
-0.0471525
0.0159798
-0.136376
-0.186711
-0.0487427
-0.0637286
-0.223307
-0.188403
-0.061157
-0.15224
-0.273371
-0.16592
-0.0897057
-0.231326
-0.279221
-0.133018
-0.132031
-0.282629
-0.243716
-0.103373
-0.178308
-0.292746
-0.178684
-0.086154
-0.213966
-0.257092
-0.101267
-0.0832448
-0.224125
-0.181411
-0.0289652
-0.0889484
-0.198409
-0.0804478
0.025158
-0.0922349
-0.134668
0.0258292
0.0556988
-0.0808198
-0.0404301
0.117391
0.0656522
-0.0457805
0.0684173
0.179201
0.0645179
0.0147524
0.171389
0.204718
0.0644245
0.0940216
0.24857
0.196886
0.0755201
0.177743
0.285701
0.166379
0.102094
0.247625
0.277747
0.127716
0.140668
0.286311
0.229904
0.0944558
0.18067
0.282302
0.155816
0.0749612
0.207537
0.233408
0.0735239
0.0700176
0.207301
0.14768
0.000390225
0.0730108
0.171269
0.0415348
-0.0515262
0.0725774
0.0993572
-0.0644219
-0.0782862
0.0568765
0.00100459
-0.150674
-0.0843045
0.0181278
-0.106674
-0.203656
-0.0800052
-0.0440286
-0.203021
-0.218832
-0.0776897
-0.121445
-0.269095
-0.201124
-0.0869378
-0.19906
-0.292551
-0.162666
-0.111003
-0.258756
-0.270744
-0.118592
-0.145343
-0.28439
-0.211164
-0.0821985
-0.178765
-0.266499
-0.129108
-0.0609392
-0.196866
-0.205293
-0.043292
-0.0544671
-0.186721
-0.111013
0.0292926
-0.0552899
-0.141382
-0.00151676
0.0777729
-0.0517932
-0.0627828
0.10224
0.0997716
-0.0326615
0.0378888
0.18153
0.101128
0.00870933
0.142542
0.224472
0.0931259
0.0712187
0.230632
0.228631
0.0881465
0.145468
0.284451
0.200897
0.0951311
0.215823
0.293742
0.15475
0.116285
0.264572
0.2583
0.105784
0.146064
0.276974
0.187822
0.0668805
0.172777
0.245702
0.0990748
0.0444797
0.182325
0.17334
0.0112052
0.0370762
0.16294
0.0721637
-0.0593997
0.036342
0.109452
-0.0387817
-0.103227
0.0304934
0.0257367
-0.13848
-0.119541
0.00881455
-0.0754507
-0.209262
-0.115596
-0.034102
-0.175303
-0.241118
-0.103456
-0.0957569
-0.25367
-0.233789
-0.0954846
-0.165648
-0.294321
-0.196089
-0.0999142
-0.227776
-0.289223
-0.14271
-0.117894
-0.265048
-0.240624
-0.0895339
-0.142943
-0.264294
-0.160316
-0.0488691
-0.16299
-0.220387
-0.0663161
-0.0260463
-0.164374
-0.138223
0.0220471
-0.0183793
-0.136577
-0.0319299
0.0892245
-0.0167522
-0.0762149
0.0785268
0.127223
-0.00929261
0.0109913
0.172366
0.137016
0.0140486
0.11092
0.233234
0.127238
0.0574727
0.204313
0.253154
0.110646
0.117155
0.271689
0.234087
0.0994828
0.181643
0.298504
0.186694
0.101199
0.234775
0.279065
0.126729
0.115884
0.260279
0.218044
0.0701759
0.136189
0.246692
0.129177
0.0286109
0.149777
0.19112
0.031502
0.0061611
0.143543
0.100681
-0.0557368
-0.00105268
0.108297
-0.00885958
-0.118054
-0.0028822
0.0424232
-0.116895
-0.149123
-0.0112079
-0.046631
-0.203172
-0.151667
-0.0353516
-0.143592
-0.252889
-0.135656
-0.0783088
-0.229016
-0.260239
-0.114436
-0.135012
-0.28435
-0.229414
-0.100015
-0.193217
-0.296927
-0.17282
-0.0989979
-0.236795
-0.263463
-0.107096
-0.110411
-0.250474
-0.190997
-0.048134
-0.126104
-0.224613
-0.0950267
-0.00662005
-0.133588
-0.158552
0.00464195
0.0146085
-0.120422
-0.0615003
0.0891142
0.0206282
-0.0787941
0.0493661
0.145187
0.0219682
-0.00882629
0.153091
0.168328
0.0304363
0.0804501
0.230234
0.163031
0.0545721
0.172833
0.267762
0.140535
0.0961748
0.248957
0.262143
0.114655
0.149025
0.291435
0.219775
0.0970555
0.200243
0.28964
0.154684
0.0934211
0.233922
0.242732
0.0841951
0.101721
0.235953
0.16002
0.0239091
0.113073
0.198598
0.0585576
-0.0165347
0.114939
0.123397
-0.0413511
-0.0356655
0.0956393
0.0214984
-0.121426
-0.0397513
0.048777
-0.08876
-0.169952
-0.0399332
-0.0238467
-0.186367
-0.184296
-0.0478652
-0.111771
-0.252968
-0.170722
-0.0712548
-0.198095
-0.277491
-0.141649
-0.110722
-0.263788
-0.258749
-0.111235
-0.158992
-0.292849
-0.205294
-0.0906755
-0.202707
-0.276818
-0.13261
-0.0846743
-0.226357
-0.217298
-0.0585006
-0.0901467
-0.217136
-0.12574
0.00193212
-0.0975494
-0.169262
-0.0205188
0.0402448
-0.0943958
-0.0864148
0.0778402
0.0563994
-0.0698501
0.0184965
0.151934
0.0578379
-0.0189478
0.12624
0.191724
0.0562407
0.0549046
0.21604
0.196558
0.0630257
0.139984
0.270885
0.174444
0.0850231
0.218926
0.281826
0.138873
0.121698
0.273277
0.250061
0.104204
0.164818
0.28862
0.186207
0.0810453
0.200704
0.258754
0.107021
0.073052
0.214402
0.18769
0.0305632
0.0760969
0.19453
0.0888559
-0.0287718
0.0800463
0.137287
-0.0183008
-0.063878
0.0725607
0.0483994
-0.113321
-0.0762029
0.0437171
-0.0576641
-0.179933
-0.074332
-0.0100134
-0.161049
-0.20994
-0.0704048
-0.0837096
-0.241506
-0.204728
-0.0755195
-0.164566
-0.283598
-0.173997
-0.0955871
-0.234982
-0.280636
-0.132183
-0.128947
-0.277316
-0.236202
-0.0936947
-0.166514
-0.2789
-0.162858
-0.0684276
-0.194431
-0.235853
-0.0784315
-0.0589291
-0.198457
-0.154525
-0.000998217
-0.0600438
-0.168719
-0.050127
0.0559561
-0.0611193
-0.103399
0.0570913
0.0867947
-0.0500531
-0.0101538
0.147023
0.0944877
-0.0178937
0.0952107
0.204765
0.0887207
0.0374653
0.192496
0.224112
0.0820035
0.109692
0.262254
0.208514
0.0850289
0.185083
0.290837
0.169284
0.102751
0.246031
0.273912
0.121659
0.132418
0.275914
0.217414
0.0799349
0.164193
0.263957
0.135697
0.0531707
0.184189
0.208624
0.047432
0.0427501
0.179001
0.118496
-0.0295293
0.0425095
0.140346
0.0103515
-0.0828121
0.0413516
0.0683559
-0.09504
-0.108365
0.027495
-0.0275258
-0.178208
-0.110702
-0.00699219
-0.130387
-0.225842
-0.100549
-0.0628208
-0.219966
-0.233845
-0.0906898
-0.132364
-0.277878
-0.207728
-0.0913248
-0.201207
-0.29245
-0.160317
-0.106416
-0.251955
-0.261768
-0.107484
-0.132159
-0.269201
-0.19405
-0.063245
-0.158069
-0.244172
-0.105264
-0.035699
-0.170361
-0.177664
-0.0146792
-0.0250166
-0.156588
-0.0803547
0.0603209
-0.0240518
-0.110099
0.0296496
0.108664
-0.0213375
-0.0329234
0.131351
0.127985
-0.00549386
0.0638687
0.206191
0.124342
0.0303541
0.162505
0.242654
0.109431
0.0855602
0.242937
0.238839
0.0962013
0.151327
0.288086
0.202291
0.0942726
0.212717
0.288408
0.147214
0.106584
0.252757
0.244435
0.089939
0.128318
0.257423
0.166568
0.0440289
0.148447
0.220023
0.0721778
0.0165016
0.153412
0.143645
-0.0191217
0.00627313
0.131823
0.0408946
-0.090662
0.0052481
0.0786905
-0.0690523
-0.132853
0.00166677
-0.00213886
-0.165262
-0.145094
-0.0153733
-0.0981475
-0.230353
-0.134973
-0.0516613
-0.190954
-0.254783
-0.115063
-0.105243
-0.260989
-0.238905
-0.0983669
-0.166281
-0.292705
-0.192232
-0.0938343
-0.219504
-0.278806
-0.130199
-0.103352
-0.248552
-0.222262
-0.0693977
-0.121136
-0.240931
-0.135519
-0.0227637
-0.135711
-0.192079
-0.0371244
0.00388092
-0.133868
-0.107299
0.0532328
0.0129077
-0.105354
-0.000932201
0.119839
0.0133207
-0.0468424
0.107048
0.154748
0.0170921
0.0360969
0.196065
0.159187
0.0345746
0.129694
0.250162
0.142231
0.0704513
0.215211
0.261917
0.117228
0.121519
0.273814
0.233965
0.0971113
0.177033
0.291683
0.177697
0.0900694
0.221571
0.263858
0.109596
0.096912
0.239567
0.195703
0.0463168
0.110935
0.220176
0.101538
-1.21372e-05
0.120318
0.160983
0.000838746
-0.0248713
0.112305
0.0693995
-0.086902
-0.0319415
0.0778473
-0.0387118
-0.147158
-0.0310862
0.0152678
-0.142862
-0.173771
-0.0344068
-0.0682587
-0.223119
-0.169831
-0.0516369
-0.157913
-0.265175
-0.145843
-0.0863407
-0.234853
-0.263853
-0.115807
-0.13413
-0.281222
-0.224058
-0.0924571
-0.183494
-0.285093
-0.158936
-0.0831322
-0.219031
-0.243895
-0.085824
-0.0875431
-0.226131
-0.165306
-0.0212246
-0.0981157
-0.195693
-0.0653245
0.0237135
-0.102781
-0.127434
0.035912
0.045871
-0.0893312
-0.0307439
0.11938
0.0502478
-0.0499773
0.0772311
0.171959
0.047508
0.0153462
0.175773
0.189404
0.0497952
0.09799
0.245867
0.176677
0.0661574
0.182298
0.27506
0.145628
0.0990336
0.249568
0.260506
0.110777
0.142922
0.283143
0.209338
0.0845234
0.185681
0.273127
0.136304
0.0732667
0.212099
0.219356
0.0593843
0.0756022
0.208664
0.131704
-0.00529165
0.0831387
0.168088
0.0276298
-0.0477234
0.0836515
0.0921756
-0.0723463
-0.0662766
0.0655733
-0.00786563
-0.149939
-0.0672664
0.0224054
-0.113852
-0.193638
-0.0620886
-0.0443546
-0.205123
-0.201206
-0.0628382
-0.124728
-0.263846
-0.179464
-0.0778137
-0.202436
-0.279595
-0.141505
-0.108328
-0.259156
-0.251907
-0.102215
-0.147841
-0.279626
-0.190069
-0.0735231
-0.183717
-0.256091
-0.110253
-0.0607995
-0.20109
-0.190772
-0.0308504
-0.0615137
-0.187671
-0.0955964
0.0326008
-0.0665138
-0.138023
0.0107623
0.0714093
-0.0635109
-0.0559716
0.107686
0.085496
-0.0416566
0.0456401
0.177891
0.0824727
0.00423498
0.147851
0.211656
0.074387
0.0711696
0.230342
0.208824
0.0731907
0.147994
0.2767
0.178036
0.0863704
0.218022
0.278677
0.133496
0.114117
0.263534
0.238207
0.090299
0.148932
0.270839
0.166622
0.0597562
0.17782
0.234397
0.0813172
0.0461301
0.186404
0.158763
0.000853208
0.045757
0.16372
0.0577361
-0.0600437
0.0487844
0.1062
-0.0490532
-0.0941395
0.0429487
0.0195924
-0.141177
-0.102964
0.0181911
-0.0818218
-0.2026
-0.0953918
-0.0293536
-0.178571
-0.225555
-0.0840304
-0.0952732
-0.25095
-0.212005
-0.0805898
-0.167402
-0.284188
-0.172338
-0.0916848
-0.228858
-0.272324
-0.121724
-0.116394
-0.262735
-0.219671
-0.0752958
-0.146341
-0.257062
-0.139468
-0.0436021
-0.1683
-0.208555
-0.0501053
-0.0297192
-0.168516
-0.124011
0.0299337
-0.0288525
-0.137433
-0.018908
0.0869494
-0.0305127
-0.0733406
0.0864478
0.1153
-0.0225491
0.0162048
0.172103
0.11816
0.00424497
0.115701
0.223505
0.105612
0.0524176
0.205434
0.23497
0.0907241
0.116228
0.266574
0.210597
0.0848614
0.182665
0.286185
0.162421
0.0937092
0.234859
0.26067
0.106414
0.115246
0.256906
0.196671
0.0575611
0.140303
0.238678
0.10916
0.0255089
0.155547
0.179153
0.0172825
0.0120758
0.147963
0.0872569
-0.0608109
0.0113463
0.109466
-0.0200862
-0.112653
0.0122632
0.0401733
-0.122173
-0.13431
0.00287459
-0.0506926
-0.199804
-0.130616
-0.0251193
-0.146633
-0.240126
-0.112795
-0.0729634
-0.227955
-0.23964
-0.0942595
-0.133688
-0.276953
-0.204559
-0.0859245
-0.193604
-0.282687
-0.148443
-0.09249
-0.236051
-0.243969
-0.0878818
-0.110853
-0.246303
-0.169681
-0.0375271
-0.131135
-0.216164
-0.0763279
-0.00598082
-0.140016
-0.146851
0.0164434
0.00625708
-0.125328
-0.0492711
0.0910702
0.00620449
-0.0804956
0.0584477
0.136511
0.00541228
-0.00741153
0.155495
0.150638
0.0155488
0.0831905
0.223695
0.139938
0.0439585
0.174048
0.252078
0.116687
0.0906073
0.245751
0.239408
0.0945195
0.147401
0.281941
0.193957
0.0837916
0.200143
0.273809
0.130664
0.0881658
0.232568
0.222582
0.0665329
0.103479
0.23128
0.139259
0.0156921
0.119228
0.190077
0.0416593
-0.0144349
0.122219
0.11236
-0.0503397
-0.0247181
0.101222
0.0108429
-0.120012
-0.0232482
0.0511983
-0.0953988
-0.15792
-0.0219903
-0.0242606
-0.185737
-0.163816
-0.0322448
-0.113079
-0.243271
-0.14581
-0.0603594
-0.197468
-0.259083
-0.117124
-0.105052
-0.25855
-0.234231
-0.091481
-0.157218
-0.281513
-0.178971
-0.0785682
-0.202313
-0.259782
-0.109439
-0.0809613
-0.224649
-0.196971
-0.0428477
-0.0934624
-0.212281
-0.106041
0.00739288
-0.105032
-0.161039
-0.00588404
0.0351634
-0.102707
-0.0764233
0.0836661
0.0427426
-0.0762746
0.0272401
0.146962
0.0392535
-0.0222369
0.1302
0.176329
0.0369893
0.0542047
0.212293
0.173451
0.0467992
0.139815
0.258129
0.148005
0.0739977
0.216512
0.26097
0.114036
0.116095
0.26619
0.224181
0.0852156
0.163086
0.27576
0.159881
0.0704486
0.200249
0.240946
0.0852125
0.0711803
0.212623
0.167687
0.0173715
0.0812091
0.189827
0.0707219
-0.0311382
0.089044
0.129725
-0.0302426
-0.0556176
0.0820545
0.0398042
-0.115692
-0.0597787
0.0511101
-0.0642103
-0.171289
-0.0537242
-0.00575714
-0.162167
-0.191258
-0.0499831
-0.0818419
-0.234642
-0.179235
-0.0588699
-0.162938
-0.267968
-0.14639
-0.0846355
-0.230906
-0.257687
-0.107451
-0.123627
-0.268628
-0.20944
-0.0758869
-0.165057
-0.264888
-0.137067
-0.05971
-0.194177
-0.217742
-0.0585041
-0.0591958
-0.196905
-0.135355
0.0092997
-0.0671752
-0.1645
-0.0340395
0.0549313
-0.0717925
-0.096839
0.0659578
0.0752142
-0.0608448
-0.00326334
0.145715
0.0753025
-0.026336
0.0993367
0.192418
0.0662129
0.0321977
0.190685
0.202302
0.0606113
0.106666
0.25236
0.180954
0.0681949
0.182084
0.2726
0.140933
0.0921248
0.240483
0.249294
0.097494
0.127635
0.265934
0.190297
0.063746
0.163275
0.24921
0.111
0.0467036
0.184416
0.190698
0.0298984
0.0454386
0.177982
0.100662
-0.0365342
0.0518561
0.13693
-0.00324198
-0.0781527
0.0538235
0.0631059
-0.100509
-0.0933893
0.0396538
-0.0324565
-0.173077
-0.0888322
0.00252655
-0.131941
-0.209847
-0.076333
-0.0565576
-0.215224
-0.209153
-0.0685893
-0.128251
-0.265126
-0.178496
-0.0745981
-0.19699
-0.271951
-0.1317
-0.09641
-0.24519
-0.235966
-0.0843801
-0.128201
-0.258287
-0.167143
-0.0491244
-0.157972
-0.229136
-0.0822269
-0.0318446
-0.171358
-0.160419
-2.9945e-05
-0.0303844
-0.156397
-0.0643401
0.0636807
-0.0357711
-0.10778
0.0403504
0.100192
-0.035684
-0.0292471
0.133173
0.109614
-0.0190349
0.0666478
0.197179
0.0999413
0.0197907
0.161414
0.223159
0.0837692
0.0783798
0.235345
0.211596
0.0737145
0.146266
0.272732
0.171849
0.0779925
0.207498
0.266064
0.118858
0.0975266
0.24508
0.217986
0.0684138
0.125495
0.245973
0.140457
0.0324242
0.149463
0.205165
0.0513598
0.0155997
0.155461
0.127569
-0.0304326
0.0145398
0.132736
0.0271461
-0.0900844
0.0194486
0.0777235
-0.0765232
-0.120464
0.0179077
-0.00403327
-0.163268
-0.123407
-0.000494982
-0.0986539
-0.217494
-0.108271
-0.0401476
-0.187225
-0.232027
-0.0882859
-0.0972873
-0.250715
-0.209523
-0.0758715
-0.16047
-0.275083
-0.161106
-0.0783809
-0.213552
-0.255097
-0.102666
-0.0955985
-0.240313
-0.195741
-0.0499779
-0.119766
-0.229369
-0.110802
-0.0141076
-0.138131
-0.177869
-0.0190609
0.00152574
-0.137235
-0.0928569
0.0608027
0.00157242
-0.107613
0.010153
0.115104
-0.00341091
-0.0474348
0.111025
0.138424
-0.00100009
0.0360653
0.190175
0.134351
0.0184685
0.127883
0.233585
0.113538
0.0581455
0.208935
0.23623
0.0897329
0.11299
0.261107
0.202932
0.0750342
0.170726
0.2722
0.146461
0.0758543
0.215202
0.239317
0.083472
0.0908322
0.23115
0.169706
0.0295243
0.111339
0.20894
0.078801
-0.00531662
0.124415
0.147879
-0.0139733
-0.0190026
0.117226
0.0570203
-0.0903927
-0.0174283
0.0816506
-0.0467987
-0.138127
-0.0118403
0.0175681
-0.143164
-0.153581
-0.0145749
-0.0662281
-0.213348
-0.142099
-0.0344792
-0.153821
-0.245108
-0.115545
-0.0734637
-0.226204
-0.23565
-0.0880496
-0.125288
-0.266408
-0.191926
-0.0712654
-0.176994
-0.264216
-0.128206
-0.0705877
-0.212598
-0.219091
-0.061704
-0.083509
-0.217938
-0.140441
-0.00756212
-0.1006
-0.185219
-0.0451324
0.0253063
-0.1088
-0.115871
0.0470292
0.0362927
-0.0960003
-0.0208051
0.118531
0.0325175
-0.0554691
0.0820585
0.158587
0.025838
0.0112555
0.172309
0.165514
0.0284067
0.0939627
0.232328
0.14639
0.0481908
0.17604
0.251822
0.114183
0.0858658
0.238799
0.230282
0.083266
0.134076
0.266616
0.176713
0.064714
0.179331
0.251373
0.106719
0.0628335
0.205981
0.19488
0.0378571
0.0739756
0.201106
0.10857
-0.0153561
0.0879818
0.158797
0.0105069
-0.0453015
0.0917996
0.0825473
-0.0793931
-0.0528639
0.0741324
-0.0150497
-0.144576
-0.0463577
0.0296666
-0.115242
-0.175975
-0.0381621
-0.0384631
-0.197899
-0.173877
-0.0401485
-0.118785
-0.246752
-0.147048
-0.0593447
-0.194207
-0.253595
-0.109436
-0.0952029
-0.246591
-0.220227
-0.0755012
-0.139344
-0.26184
-0.157602
-0.0556101
-0.177885
-0.234014
-0.0824628
-0.0529134
-0.195677
-0.167227
-0.0124826
-0.0626323
-0.181149
-0.0747673
0.0386488
-0.0739561
-0.130307
0.0243469
0.0647391
-0.0739415
-0.0486191
0.110368
0.068205
-0.0521862
0.0498292
0.167938
0.0585078
-0.00480712
0.145716
0.189854
0.0484513
0.0635422
0.21946
0.178412
0.0495259
0.140292
0.256358
0.143994
0.0677647
0.208091
0.250406
0.101382
0.101415
0.249562
0.205693
0.0649601
0.141167
0.252294
0.134989
0.0442574
0.172894
0.212572
0.0559649
0.0412078
0.182083
0.136739
-0.0138266
0.0499211
0.158614
0.0397456
-0.0617205
0.0590145
0.100406
-0.0586995
-0.0830684
0.0557541
0.0147921
-0.139289
-0.0818397
0.0307023
-0.0828589
-0.188085
-0.0685804
-0.0185935
-0.172918
-0.199871
-0.0564121
-0.0860511
-0.236612
-0.178957
-0.0563427
-0.158174
-0.260995
-0.137243
-0.0733599
-0.217561
-0.242344
-0.0901883
-0.104531
-0.2478
-0.186989
-0.0519269
-0.139711
-0.238291
-0.109355
-0.0310241
-0.164667
-0.187563
-0.0278101
-0.0281438
-0.165658
-0.104076
0.040451
-0.0363116
-0.134087
-0.00423427
0.0839777
-0.0436565
-0.0697616
0.0918383
0.0997661
-0.037751
0.0182513
0.165542
0.09334
-0.0101843
0.113519
0.20456
0.0762521
0.0400786
0.196369
0.205762
0.061826
0.105628
0.249078
0.175446
0.0604851
0.172213
0.260622
0.126909
0.0761246
0.222591
0.229605
0.076108
0.104661
0.241493
0.164517
0.0367572
0.135216
0.220231
0.0812492
0.016332
0.153582
0.159564
-0.00137638
0.0141827
0.146909
0.0699348
-0.0667604
0.0222872
0.108175
-0.0310358
-0.104844
0.0283742
0.0390329
-0.123083
-0.11435
0.0204178
-0.0498669
-0.188575
-0.102338
-0.00891359
-0.141257
-0.216994
-0.0812721
-0.0592609
-0.215679
-0.20736
-0.0645554
-0.121996
-0.256684
-0.167911
-0.061923
-0.182291
-0.255305
-0.113194
-0.0761363
-0.223255
-0.212486
-0.0594745
-0.101997
-0.230923
-0.13876
-0.0198678
-0.127993
-0.198593
-0.0512759
-0.000643601
-0.14007
-0.129208
0.0309438
0.00019411
-0.126374
-0.0350303
0.0921295
-0.00833063
-0.0814926
0.065349
0.123776
-0.0136391
-0.00885741
0.151804
0.126392
-0.00419917
0.079463
0.20791
0.108534
0.0261967
0.165601
0.225108
0.083469
0.0758292
0.230559
0.204603
0.0645459
0.134969
0.259368
0.156487
0.0607096
0.188383
0.245221
0.0963913
0.0735511
0.219721
0.191378
0.0406907
0.0967989
0.216456
0.110273
0.00172478
0.118408
0.173918
0.0200815
-0.0155508
0.124601
0.0971618
-0.0602318
-0.0144991
0.104611
8.04179e-05
-0.115954
-0.00508969
0.054646
-0.0980217
-0.140275
-0.000111184
-0.0201648
-0.177431
-0.13553
-0.0105121
-0.106513
-0.223157
-0.111708
-0.0413388
-0.186165
-0.228724
-0.0827548
-0.0895547
-0.240823
-0.197526
-0.0618267
-0.14445
-0.257174
-0.1414
-0.0569775
-0.190562
-0.230644
-0.0768726
-0.0685973
-0.212246
-0.166754
-0.0202192
-0.0893882
-0.198533
-0.079666
0.017169
-0.106876
-0.1468
0.0116626
0.0317473
-0.107674
-0.0641112
0.0885871
0.0282528
-0.0821773
0.0342113
0.137664
0.0175333
-0.0282176
0.128417
0.153903
0.0124848
0.0474837
0.19947
0.141476
0.0233845
0.130564
0.23402
0.111723
0.0540883
0.202657
0.227767
0.0791269
0.100293
0.246388
0.186268
0.0565092
0.150435
0.25025
0.122967
0.050934
0.188986
0.211942
0.0550797
0.0615666
0.201165
0.139159
-0.00143087
0.0801359
0.177653
0.0475926
-0.0362884
0.0938414
0.117865
-0.0432757
-0.0474431
0.0897964
0.0307462
-0.115379
-0.0409979
0.0596226
-0.0671712
-0.156742
-0.0285999
0.00275329
-0.155959
-0.164293
-0.0231454
-0.0726113
-0.217514
-0.144027
-0.0341555
-0.151248
-0.240301
-0.108529
-0.0642726
-0.214887
-0.222267
-0.0726679
-0.107985
-0.247277
-0.171066
-0.0487825
-0.153004
-0.238845
-0.101586
-0.0428531
-0.183894
-0.189568
-0.031513
-0.0528043
-0.186881
-0.109194
0.0237167
-0.0694507
-0.154364
-0.0147311
0.0551
-0.0797698
-0.0877571
0.0740842
0.0621502
-0.0714766
0.00225652
0.140014
0.0523117
-0.0374696
0.0981707
0.172731
0.0379403
0.0212503
0.180146
0.171156
0.0318212
0.0951308
0.231247
0.143065
0.0426366
0.168285
0.24191
0.102164
0.0717998
0.22276
0.212356
0.0635422
0.112656
0.243613
0.152246
0.0389073
0.152318
0.223297
0.0777243
0.0330667
0.175599
0.164041
0.00671877
0.0426975
0.169853
0.077504
-0.0460765
0.0577656
0.129245
-0.0182301
-0.0730769
0.0651312
0.0571262
-0.103438
-0.0754093
0.0532056
-0.0342485
-0.161951
-0.0618183
0.0162031
-0.12664
-0.18525
-0.0452659
-0.043356
-0.200557
-0.17429
-0.0383108
-0.114705
-0.240454
-0.138564
-0.0487166
-0.18149
-0.238858
-0.0927539
-0.0766587
-0.226283
-0.198263
-0.0519916
-0.114409
-0.235613
-0.130217
-0.0272073
-0.148612
-0.204024
-0.0519102
-0.0219538
-0.164472
-0.135941
0.018725
-0.0316628
-0.150581
-0.0447593
0.0679445
-0.0455245
-0.10289
0.050609
0.089713
-0.050387
-0.026608
0.130724
0.0868026
-0.0354465
0.0646238
0.180714
0.0691989
0.00374077
0.152078
0.193999
0.0503563
0.0631952
0.216865
0.173585
0.0424878
0.131079
0.245021
0.130591
0.0523624
0.190769
0.231259
0.0805061
0.0789158
0.225558
0.180311
0.0383276
0.113422
0.223582
0.105459
0.0140593
0.142185
0.181514
0.0247164
0.00992833
0.150937
0.105889
-0.0442235
0.0201335
0.129593
0.0116415
-0.0887655
0.0331694
0.0758976
-0.0817463
-0.104537
0.0359777
-0.00318821
-0.155383
-0.0959651
0.0186216
-0.0928321
-0.195902
-0.0742006
-0.0219847
-0.174064
-0.198769
-0.0530646
-0.0804739
-0.228837
-0.169025
-0.0443026
-0.144087
-0.244939
-0.119299
-0.0536177
-0.196124
-0.219327
-0.0657071
-0.0787104
-0.220777
-0.158904
-0.0229225
-0.109937
-0.207904
-0.0785127
0.00011758
-0.133388
-0.156312
0.00325322
0.0025735
-0.135448
-0.0745317
0.0691801
-0.00854585
-0.107431
0.0211736
0.108009
-0.0211265
-0.0488526
0.11102
0.117123
-0.0223104
0.0316937
0.17692
0.102595
-0.0031033
0.118389
0.207198
0.0766429
0.0382175
0.192267
0.199443
0.0533204
0.0949777
0.236341
0.160689
0.0437826
0.15365
0.240298
0.104929
0.0525991
0.197643
0.203367
0.0487122
0.0762481
0.212212
0.134521
0.00619882
0.104253
0.189026
0.0499637
-0.0148753
0.122616
0.129002
-0.0313785
-0.0151063
0.118488
0.0425291
-0.0930115
-0.00267384
0.0846361
-0.0530308
-0.125185
0.00979465
0.0223132
-0.137859
-0.127107
0.00974834
-0.0583925
-0.194916
-0.106461
-0.0107952
-0.140888
-0.214378
-0.0764225
-0.0521998
-0.206445
-0.196003
-0.0511316
-0.106573
-0.239345
-0.148747
-0.0410291
-0.159775
-0.231288
-0.0877984
-0.0494909
-0.1955
-0.183767
-0.0299366
-0.0717923
-0.20021
-0.1077
0.011383
-0.0967135
-0.16745
-0.0204297
0.0297492
-0.110289
-0.100197
0.0590388
0.0272288
-0.100543
-0.0105362
0.115162
0.0131218
-0.0617347
0.083311
0.139852
0.000466082
0.00320157
0.161756
0.134189
0.00139828
0.0828313
0.209035
0.10741
0.0228259
0.160002
0.217312
0.0735158
0.0637674
0.216454
0.188528
0.0465824
0.115208
0.237916
0.133455
0.0362133
0.16255
0.218187
0.0682963
0.0445372
0.18994
0.160987
0.00984367
0.0656543
0.185178
0.0790235
-0.029337
0.0876949
0.143716
-0.00945562
-0.0442722
0.0968463
0.0705188
-0.0856274
-0.0385172
0.0820971
-0.0208114
-0.135119
-0.0224287
0.039226
-0.111444
-0.151633
-0.00934433
-0.0272229
-0.18228
-0.138147
-0.0108797
-0.104629
-0.219034
-0.105368
-0.0328106
-0.175494
-0.215968
-0.0679786
-0.0728322
-0.222243
-0.177186
-0.03983
-0.120909
-0.232214
-0.11515
-0.0295697
-0.16214
-0.201356
-0.0468704
-0.038033
-0.18128
-0.135549
0.0110672
-0.0581818
-0.167571
-0.0491091
0.0471661
-0.0775946
-0.118389
0.0390577
0.0579874
-0.0827267
-0.0405882
0.110567
0.0485772
-0.0636168
0.0509117
0.152421
0.0302699
-0.0175703
0.136921
0.160223
0.0165855
0.049342
0.199079
0.138839
0.0185119
0.12348
0.224766
0.100346
0.0406431
0.187216
0.210411
0.0599445
0.0793814
0.223858
0.162238
0.0310997
0.123778
0.222486
0.0942387
0.0213875
0.158775
0.181227
0.0240162
0.0303137
0.169887
0.108019
-0.0322743
0.0497478
0.147881
0.0185896
-0.0643748
0.0668179
0.0920466
-0.0677562
-0.070462
0.0683609
0.0110065
-0.133323
-0.0570555
0.0455384
-0.0792092
-0.166675
-0.0363749
-0.00282102
-0.159306
-0.165397
-0.0219982
-0.0692173
-0.211894
-0.136211
-0.0241801
-0.139165
-0.226177
-0.0924355
-0.0462896
-0.195109
-0.2008
-0.0496201
-0.0834742
-0.221432
-0.144023
-0.0206767
-0.123981
-0.209059
-0.0711894
-0.0120011
-0.152747
-0.15829
-0.00026425
-0.0217441
-0.156173
-0.0789979
0.0532475
-0.0407377
-0.126621
0.0119
0.0804838
-0.0557661
-0.0652602
0.0949599
0.0812988
-0.0541569
0.0176563
0.153417
0.0636496
-0.0282589
0.105207
0.17756
0.0405346
0.0215944
0.17824
0.167012
0.0254583
0.0865803
0.220556
0.130289
0.0278397
0.151544
0.223314
0.0818081
0.0497861
0.199205
0.187383
0.0372791
0.0852365
0.215182
0.122952
0.00889763
0.121748
0.192329
0.0465172
0.00177915
0.144394
0.133084
-0.023834
0.0127058
0.14058
0.0491031
-0.073462
0.0315373
0.104312
-0.0417383
-0.0950423
0.044824
0.0385847
-0.12012
-0.0901476
0.0404903
-0.0448741
-0.170435
-0.0681169
0.0121256
-0.128475
-0.184838
-0.0426063
-0.0384603
-0.193453
-0.165015
-0.0269117
-0.101238
-0.224993
-0.12119
-0.0295154
-0.160561
-0.216313
-0.068709
-0.0512351
-0.199614
-0.170489
-0.0232536
-0.0848543
-0.205397
-0.0994979
0.00386002
-0.117358
-0.172747
-0.0207724
0.00888709
-0.13409
-0.106177
0.0477203
-0.00358539
-0.123569
-0.0189546
0.0924124
-0.0225205
-0.0814718
0.0703315
0.107641
-0.034349
-0.0125448
0.142742
0.096715
-0.0276939
0.0701756
0.184039
0.0702806
0.00257
0.148661
0.188358
0.0425179
0.0531976
0.204762
0.159441
0.0263739
0.113077
0.225227
0.109108
0.0292984
0.166244
0.205403
0.0534508
0.050799
0.196528
0.150519
0.00792517
0.0825653
0.192435
0.0741816
-0.0171895
0.111127
0.150811
-0.00547414
-0.0195963
0.122233
0.0781565
-0.0708437
-0.00523799
0.105604
-0.0108394
-0.109626
0.0140383
0.0585978
-0.0971269
-0.117921
0.0246611
-0.0123766
-0.162398
-0.100772
0.0160506
-0.0931535
-0.193975
-0.0700349
-0.0155987
-0.165492
-0.188058
-0.0402683
-0.0656563
-0.212077
-0.150412
-0.0239283
-0.122057
-0.22137
-0.0943131
-0.0273412
-0.168694
-0.190888
-0.0364043
-0.0486933
-0.190203
-0.127934
0.00828708
-0.0786488
-0.176702
-0.0475587
0.0306668
-0.103403
-0.127049
0.0316451
0.0299493
-0.109233
-0.0496137
0.0926746
0.0134043
-0.0871419
0.0396968
0.124674
-0.00640783
-0.0361589
0.121625
0.125587
-0.0160343
0.0357482
0.178735
0.102161
-0.00578617
0.113471
0.200074
0.0673473
0.0267963
0.178781
0.183964
0.0359272
0.0757579
0.215397
0.138131
0.0197224
0.128213
0.213619
0.0771446
0.0238511
0.168082
0.173147
0.0179883
0.0451772
0.180958
0.103246
-0.0249379
0.0734154
0.15865
0.0202061
-0.0438635
0.0945485
0.102003
-0.0571712
-0.0395613
0.0954997
0.0211281
-0.112718
-0.0205837
0.0686184
-0.0670739
-0.137183
-9.65635e-05
0.0145835
-0.143389
-0.130411
0.0086897
-0.0571986
-0.191478
-0.100799
-0.00293404
-0.130869
-0.202256
-0.0622591
-0.0360656
-0.188425
-0.176194
-0.0296319
-0.0834932
-0.214807
-0.122879
-0.0139615
-0.131648
-0.202251
-0.0579995
-0.019082
-0.16464
-0.152618
0.00134218
-0.0405437
-0.169156
-0.0770019
0.0415688
-0.0671959
-0.138756
0.00729227
0.056359
-0.0849312
-0.0762238
0.0815048
0.0480735
-0.0814303
