0
0.707107
1
0.707107
1.22465e-16
-0.707107
-1
-0.707107
-2.44929e-16
0.707107
1
0.707107
3.67394e-16
-0.707107
-1
-0.707107
-4.89859e-16
0.707107
1
0.707107
6.12323e-16
-0.707107
-1
-0.707107
-7.34788e-16
0.707107
1
0.707107
8.57253e-16
-0.707107
-1
-0.707107
-9.79717e-16
0.707107
1
0.707107
1.10218e-15
-0.707107
-1
-0.707107
-1.22465e-15
0.707107
1
0.707107
4.89983e-15
-0.707107
-1
-0.707107
-1.46958e-15
0.707107
1
0.707107
-1.96067e-15
-0.707107
-1
-0.707107
-1.71451e-15
0.707107
1
0.707107
5.38968e-15
-0.707107
-1
-0.707107
