0
0.359895
0.671559
0.893224
0.995185
0.963776
0.803208
0.534998
0.19509
-0.170962
-0.514103
-0.788346
-0.95694
-0.99729
-0.903989
-0.689541
-0.382683
-0.0245412
0.33689
0.653173
0.881921
0.99248
0.970031
0.817585
0.55557
0.219101
-0.14673
-0.492898
-0.77301
-0.949528
-0.998795
-0.91421
-0.707107
-0.405241
-0.0490677
0.313682
0.634393
0.870087
0.989177
0.975702
0.83147
0.575808
0.24298
-0.122411
-0.471397
-0.757209
-0.941544
-0.999699
-0.92388
-0.724247
-0.427555
-0.0735646
0.290285
0.615232
0.857729
0.985278
0.980785
0.844854
0.595699
0.266713
-0.0980171
-0.449611
-0.740951
-0.932993
