0
0.351605
0.677981
0.95605
1.16686
1.29719
1.34068
1.29835
1.1785
0.995986
0.770899
0.526842
0.288876
0.0813375
-0.0742608
-0.161103
-0.16853
-0.0929675
0.0617547
0.284721
0.558861
0.862413
1.17079
1.4587
1.70229
1.88124
1.98048
1.9915
1.91306
1.75133
1.51935
1.23589
0.92388
0.60839
0.314517
0.0652143
-0.120672
-0.230017
-0.256538
-0.20132
-0.0727135
0.114401
0.339907
0.580201
0.810239
1.00571
1.14515
1.21181
1.19509
1.09152
0.905034
0.646665
0.333616
-0.0122051
-0.366052
-0.702455
-0.997391
-1.23034
-1.38603
-1.45572
-1.43798
-1.33874
-1.1708
-0.9527
-0.707107
-0.458852
-0.232776
-0.0515788
0.0661509
0.107545
0.0665755
-0.0554177
-0.249834
-0.501543
-0.790187
-1.09192
-1.38148
-1.63432
-1.82876
-1.94784
-1.98079
-1.92392
-1.781
-1.5629
-1.28667
-0.974087
-0.649763
-0.33906
-0.0659037
0.149267
0.291245
0.351353
0.32818
0.227685
0.062672
-0.148332
-0.382683
-0.615595
-0.822283
-0.980122
-1.07061
-1.08098
-1.00533
-0.845114
-0.60909
-0.312539
0.0240109
0.376537
0.719573
1.02839
1.28108
1.46048
1.55557
1.56245
1.48464
1.33277
1.12363
0.878754
0.622494
0.379958
0.174814
0.0272467
-0.0477925
-0.0418787
0.0461517
0.210095
0.436909
0.707833
