0
0.290285
0.55557
0.77301
0.92388
0.995185
0.980785
0.881921
0.707107
0.471397
0.19509
-0.0980171
-0.382683
-0.634393
-0.83147
-0.95694
-1
-0.95694
-0.83147
-0.634393
-0.382683
-0.0980171
0.19509
0.471397
0.707107
0.881921
0.980785
0.995185
0.92388
0.77301
0.55557
0.290285
3.67394e-16
-0.290285
-0.55557
-0.77301
-0.92388
-0.995185
-0.980785
-0.881921
-0.707107
-0.471397
-0.19509
0.0980171
0.382683
0.634393
0.83147
0.95694
1
0.95694
0.83147
0.634393
0.382683
0.0980171
-0.19509
-0.471397
-0.707107
-0.881921
-0.980785
-0.995185
-0.92388
-0.77301
-0.55557
-0.290285
-7.34788e-16
0.290285
0.55557
0.77301
0.92388
0.995185
0.980785
0.881921
0.707107
0.471397
0.19509
-0.0980171
-0.382683
-0.634393
-0.83147
-0.95694
-1
-0.95694
-0.83147
-0.634393
-0.382683
-0.0980171
0.19509
0.471397
0.707107
0.881921
0.980785
0.995185
0.92388
0.77301
0.55557
0.290285
1.10218e-15
-0.290285
-0.55557
-0.77301
-0.92388
-0.995185
-0.980785
-0.881921
-0.707107
-0.471397
-0.19509
0.0980171
0.382683
0.634393
0.83147
0.95694
1
0.95694
0.83147
0.634393
0.382683
0.0980171
-0.19509
-0.471397
-0.707107
-0.881921
-0.980785
-0.995185
-0.92388
-0.77301
-0.55557
-0.290285
