0
0.55557
0.92388
0.980785
0.707107
0.19509
-0.382683
-0.83147
-1
-0.83147
-0.382683
0.19509
0.707107
0.980785
0.92388
0.55557
3.67394e-16
-0.55557
-0.92388
-0.980785
-0.707107
-0.19509
0.382683
0.83147
1
0.83147
0.382683
-0.19509
-0.707107
-0.980785
-0.92388
-0.55557
-7.34788e-16
0.55557
0.92388
0.980785
0.707107
0.19509
-0.382683
-0.83147
-1
-0.83147
-0.382683
0.19509
0.707107
0.980785
0.92388
0.55557
1.10218e-15
-0.55557
-0.92388
-0.980785
-0.707107
-0.19509
0.382683
0.83147
1
0.83147
0.382683
-0.19509
-0.707107
-0.980785
-0.92388
-0.55557
-1.46958e-15
0.55557
0.92388
0.980785
0.707107
0.19509
-0.382683
-0.83147
-1
-0.83147
-0.382683
0.19509
0.707107
0.980785
0.92388
0.55557
5.38968e-15
-0.55557
-0.92388
-0.980785
-0.707107
-0.19509
0.382683
0.83147
1
0.83147
0.382683
-0.19509
-0.707107
-0.980785
-0.92388
-0.55557
-2.20436e-15
0.55557
0.92388
0.980785
0.707107
0.19509
-0.382683
-0.83147
-1
-0.83147
-0.382683
0.19509
0.707107
0.980785
0.92388
0.55557
-9.80955e-16
-0.55557
-0.92388
-0.980785
-0.707107
-0.19509
0.382683
0.83147
1
0.83147
0.382683
-0.19509
-0.707107
-0.980785
-0.92388
-0.55557
