0
0.24298
0.471397
0.671559
0.83147
0.941544
0.995185
0.989177
0.92388
0.803208
0.634393
0.427555
0.19509
-0.0490677
-0.290285
-0.514103
-0.707107
-0.857729
-0.95694
-0.998795
-0.980785
-0.903989
-0.77301
-0.595699
-0.382683
-0.14673
0.0980171
0.33689
0.55557
0.740951
0.881921
0.970031
1
0.970031
0.881921
0.740951
0.55557
0.33689
0.0980171
-0.14673
-0.382683
-0.595699
-0.77301
-0.903989
-0.980785
-0.998795
-0.95694
-0.857729
-0.707107
-0.514103
-0.290285
-0.0490677
0.19509
0.427555
0.634393
0.803208
0.92388
0.989177
0.995185
0.941544
0.83147
0.671559
0.471397
0.24298
