0
0.471397
0.83147
0.995185
0.92388
0.634393
0.19509
-0.290285
-0.707107
-0.95694
-0.980785
-0.77301
-0.382683
0.0980171
0.55557
0.881921
1
0.881921
0.55557
0.0980171
-0.382683
-0.77301
-0.980785
-0.95694
-0.707107
-0.290285
0.19509
0.634393
0.92388
0.995185
0.83147
0.471397
6.12323e-16
-0.471397
-0.83147
-0.995185
-0.92388
-0.634393
-0.19509
0.290285
0.707107
0.95694
0.980785
0.77301
0.382683
-0.0980171
-0.55557
-0.881921
-1
-0.881921
-0.55557
-0.0980171
0.382683
0.77301
0.980785
0.95694
0.707107
0.290285
-0.19509
-0.634393
-0.92388
-0.995185
-0.83147
-0.471397
