folder,samples,sample_rate,num_gangs,elapsed_us
data/50Hz/,1024,44100,0,330.25
data/50Hz/,128,44100,0,27.5
data/50Hz/,16384,44100,0,8891
data/50Hz/,2048,44100,0,671.25
data/50Hz/,256,44100,0,102.5
data/50Hz/,32768,44100,0,15657.8
data/50Hz/,4096,44100,0,1541.75
data/50Hz/,512,44100,0,150
data/50Hz/,65536,44100,0,32764.5
data/50Hz/,8192,44100,0,3536.75
data/50Hz+500Hz/,1024,44100,0,339.5
data/50Hz+500Hz/,128,44100,0,29
data/50Hz+500Hz/,16384,44100,0,8437.5
data/50Hz+500Hz/,2048,44100,0,688
data/50Hz+500Hz/,256,44100,0,63.5
data/50Hz+500Hz/,32768,44100,0,15487.2
data/50Hz+500Hz/,4096,44100,0,1554.25
data/50Hz+500Hz/,512,44100,0,145.5
data/50Hz+500Hz/,65536,44100,0,32801.8
data/50Hz+500Hz/,8192,44100,0,3456.75
data/500Hz+505Hz+12000Hz/,1024,44100,0,334.25
data/500Hz+505Hz+12000Hz/,128,44100,0,29
data/500Hz+505Hz+12000Hz/,16384,44100,0,8365.25
data/500Hz+505Hz+12000Hz/,2048,44100,0,676.25
data/500Hz+505Hz+12000Hz/,256,44100,0,63.75
data/500Hz+505Hz+12000Hz/,32768,44100,0,15517.2
data/500Hz+505Hz+12000Hz/,4096,44100,0,1539.5
data/500Hz+505Hz+12000Hz/,512,44100,0,155
data/500Hz+505Hz+12000Hz/,65536,44100,0,32967.2
data/500Hz+505Hz+12000Hz/,8192,44100,0,3362.25
